RainIntensity: 0.5543478
RumbleIntensity: 0.5652174
Clouds: 0.4456522
Grime: 0.2608696
BkgDroneVolume: 0.2869565
Palette: 6
EffectColorA: 10
EffectColorB: 2
Effects: FireFlies-0.2717391-286-94, ReplaceEffectColorB-0-688-337-Color-0.05434782-0-0.02173913, 
PlacedObjects: InsectGroup><679.1917><130.9428><-109~112~0~0~StandardFly~0.2391304, CustomDecal><19.05359><243.7122><0~268.9777~521.8167~268.9777~521.8167~0~548~81~0.173913~0.4021739~0~GreySnakes~0.09782609~0~0.09782609~0~0.09782609~1~0.09782609~0.6739131, CustomDecal><73.17957><267.4119><0~241.0305~429.6088~241.0305~429.6088~0~-253~-118~0.1847826~0.4021739~0~IRAF~0.1413043~0.3586957~0.1413043~0.3586957~0.1413043~0.3586957~0.1413043~0.3586957, 
FadePalette: 33, 0.8369565
MorePalette0: 379, 1
