RainIntensity: 0.6086956
RumbleIntensity: 0.6086956
Effects: DayNight-0.2282609-304-32, FireFlies-0.2608696-304-93, 
PlacedObjects: NoSpearStickZone><0.984375><1554.551><-40~45, NoSpearStickZone><923.697><1273.284><0~100, DayNightSettings><559.3607><1429.356><5~8.660254~6~8, LightBeam><-202.1985><888.2743><-8~741~1377~737~1365~16~0~0~0.08478265~0~0~1~None~0~0, 
FadePalette: 33, 0.8695652, 0.9021739
MorePalette0: 37, 0.1521739, 0.08695652
