Template: CC_SettingsTemplate_Inside
DangerType: Rain
RainIntensity: 0.6956522
RumbleIntensity: 0.7065217
WaveSpeed: 0.508174
WaveLength: 0.995913
WaveAmplitude: 5.507949E-09
SecondWaveLength: 0.1666667
SecondWaveAmplitude: 0
Clouds: 0.4565217
Grime: 0.326087
BkgDroneVolume: 0.2869565
Palette: 6
Effects: FireFlies-0.2391304-24-83, Darkness-0.3586955-22-139, 
PlacedObjects: Mushroom><1717.683><196.9185><-711~221~2~3, Mushroom><1633.893><242.64><-625~228~2~3, Mushroom><1469.199><219.9777><-469~339~2~3, VultureGrub><1373.898><173.3284><233~-182~0~50, CustomDecal><110.4498><51.75845><-32~480~1094~903~1065~-6~-169~291~0~0.1847826~0~Long Tag~0.05434782~0.3478261~0.05434782~0.3478261~0.05434782~0.3478261~0.05434782~0.3478261, CustomDecal><13.37286><-8.654388><-62~730~1118~717~1193~-26~-70~273~0~1~0~RustB1~0.01086957~1~0.01086957~1~0.01086957~1~0.01086957~1, CustomDecal><49.85095><251.4226><5~143~433~166~430~19~-106~72~0~0.1086956~0~GreySnoopy~0.04347826~0.2065217~0.04347826~0.6630435~0.04347826~1~0.04347826~0.3369565, CustomDecal><1.054565><11.20764><5~484~941~469~966~-10~-57~292~0~0.2608696~0~UNQ - Big Fishes~0.06521739~0~0.06521739~0~0.06521739~0.4565217~0.06521739~0, CustomDecal><454.3417><322.1277><30~127~-278~78~-222~-31~-511~-81~0~1~0~WhiteJunkArrows~0.05434782~0~0.05434782~0~0.05434782~1~0.05434782~1, CustomDecal><616.9474><271.7183><-23~200~358~174~311~-27~-675~10~0~0.1413043~0~BoneType~0.02173913~0~0.02173913~0~0.02173913~0.7173913~0.02173913~1, CustomDecal><633.5652><77.9234><-3~124~157~143~176~12~-330~-101~0~1~0~WhiteUnfinished~0.1304348~0.4673913~0.1304348~0~0.1304348~0.8152174~0.1304348~0.8478261, CustomDecal><1215.759><4.942581><0~525.0791~795.3658~525.0791~795.3658~0~39.01154~-13.05867~0.6521739~0.6956522~0~YCIO~0~0~0~0.1847826~0~0.6956522~0~0.6086956, CustomDecal><1952.148><185.8834><-15~62~39~65~43~6~-836~-22.99998~0~1~0~Ghostling1~0.1847823~0.2826087~0.1847823~0.2826087~0.1847823~0.2826087~0.1847823~0.2826087, CustomDecal><1539.088><480.1323><0~135~128~135~128~0~-352~-208~0.4565217~1~0~OwlFace~0.05434782~0~0.05434782~0.3478261~0.02173913~1~0~0.1847826, CustomDecal><1255.956><105.6952><0~282~703~282~703~0~413~-46~0.6521739~0.6739131~0~CandyTag~0.04347826~0.6630435~0.1847826~0.6630435~0.1847826~0.6630435~0.06521739~0.6630435, CustomDecal><1466.051><190.227><8~241~80~244~77~-2~202~150~0.5760869~1~0~CactusMan~0.09782609~0~0.09782609~0~0.09782609~0.5434783~0.09782609~0.5978261, DeadVultureGrub><1261.957><171.1954><-327~-63~7~10, CustomDecal><1734.142><166.3905><-2~135~95~129~96~-11~204~-414~0~1~0~WhiteBubblyS~0.2065217~0.1956522~0.2065217~0.3586957~0.2065217~1~0.2065217~0.6956522, ExitSymbolHidden><1892.183><70.91841><, LanternOnStick><1866.822><244.1585><-22~-108, LanternOnStick><1654.825><292.5967><11~-92, 
AmbientSounds: SPOT><AM_IND-Utility02.ogg><750.4036><456.8248><0.3369565><1><1344.404><506.8248><-163.3553><-76.35535><0><0.3934784, SPOT><SO_IND-Fridge.ogg><748.0532><367.0359><0.2934783><1><1556.053><5.035919><-175.3553><54.64466><0><0.3608697, SPOT><Basic Mech.ogg><724.1719><158.3159><0.25><1><189.1719><113.3159><-189.3553><142.6447><0><0.6652175, OMNI><SO_WAT-LilDrips.ogg><659.2438><633.0501><0.1956522><1, 
FadePalette: 33, 0.6521739, 0.7173913
MorePalette0: 363, 0.0326087, 0.0326087
MorePalette1: 367, 0.8043478, 0.6086956
MorePalette2: 10, 0.4565217, 0.6847826
