Template: CC_SettingsTemplate_Inside
RainIntensity: 0.7173913
RumbleIntensity: 0.7173913
Grime: 0.1521739
Palette: 6
EffectColorA: 9
Effects: FireFlies-0.2391304-298-77, 
PlacedObjects: BrokenShelterWaterLevel><55.08441><340.1379><, 
AmbientSounds: SPOT><SO_IND-Fridge.ogg><562.6847><505.0767><0.2391304><1><224.6847><372.0767><-67.35535><-13.35535><0><0.3717393, 
FadePalette: 33, 0.8478262
MorePalette0: 367, 0.2065217
MorePalette1: 10, 0.75
