Template: CC_SettingsTemplate_Gutter
DangerType: Rain
RainIntensity: 0
RumbleIntensity: 0
Palette: 33
EffectColorA: 9
Effects: Darkness-0.5326087-285-108, FireFlies-0.2608696-291-241, 
PlacedObjects: BrokenShelterWaterLevel><274.1852><302.8108><, LightSource><661.5421><447.4455><0.1630435~White~2~132~50~86.60254~1~0~None~0~0, 
FadePalette: 21, 0.09782609
MorePalette0: 10, 0.8152174
