Template: CC_SettingsTemplate_Gutter
DangerType: Rain
RainIntensity: 0.7065217
RumbleIntensity: 0.7065217
WaveSpeed: 0.4847645
WaveLength: 0.919375
WaveAmplitude: 0.05957049
SecondWaveLength: 0.1666667
SecondWaveAmplitude: 0
Palette: 33
EffectColorB: 21
Effects: BorderPushBack-1-264-124, DirtyWater-1-264-181, FireFlies-0.2608696-305-302, Darkness-0.5217391-270-242, 
PlacedObjects: PlayerPushback><-161.8447><1301.176><198~-206, NoSpearStickZone><100.8281><1237.398><191~166, CustomDecal><418.8217><3046.437><-198~247~481~264~294~-21~-491~297~0.5108696~1~0~Barnacle~0.06521739~0.3913043~0.06521739~0.3913043~0.06521739~0.3913043~0.06521739~0.3913043, CustomDecal><296.8018><3147.807><-64~286~166~311~151~-50~-476~203~0.2391304~0.4130435~0~Rust1~0.2391303~0.9130435~0.2391303~0.9130435~0.2391303~0.9130435~0.2391303~0.9130435, CustomDecal><442.8745><3114.344><-56~309~183~376~127~-99~-557~187~0.2934783~0.4891304~0~Rust2~0.2065217~1~0.2065217~1~0.2065217~1~0.2065217~1, CustomDecal><585.61><3090.668><0~356~196~365~149~-58~-779~231.9795~0.2826087~0.3804348~0~RustB1~0.2282607~0.4130435~0.2282607~0.4130435~0.2282607~0.4130435~0.2282607~0.4130435, ReliableSpear><351.6503><3196.424><, ReliableSpear><386.5554><3161.204><, ReliableSpear><378.9477><3189.221><, ReliableSpear><532.9427><3187.304><, ReliableSpear><692.6596><3204.429><, ReliableSpear><652.8624><3180.086><, InsectGroup><493.0522><3545.97><222~116~143~65~Moth~0.5, CustomDecal><270.8342><3136.638><1~308~499~304~521~-25~-318~-82~0.1956522~0.5760869~0~UNQ - uguu~0.08695652~0.05434782~0.08695652~0.3369565~0.08695652~0.1195652~0.08695652~0.1847826, WaterNut><202.2534><1083.2><-313~-188~2~3, WaterNut><243.3876><1067.584><162~-171~3~4, WaterNut><230.1484><1095.116><-84~-198~2~3, DeadHazer><1233.959><1026.804><0~0~7~10, Stowaway><1389.357><1446.618><-4~-60, Filter><1397.654><1459.925><-8~35~64~35~White|Yellow|Red|Rivulet|Saint|Gourmand, 
AmbientSounds: SPOT><AM_ENV-Outside.ogg><171.4497><49.51041><0.5><1><520.4497><3797.51><32.64465><-227.3553><0><1, SPOT><AM_ENV-LightWind.ogg><-3.634766><281.6478><0.5><1><542.3652><3792.648><68.64465><-398.3553><0><1, SPOT><AM_IND-Utility02.ogg><-2.091736><52.37228><0.6086956><1><1180.908><3188.372><103.6447><264.6447><0><0.4369566, SPOT><SO_IND-Boiler.ogg><-5.802246><168.03><0.2826087><1><-87.80225><3651.03><265.6447><-187.3553><0><0.4260871, SPOT><SO_IND-Humm.ogg><651.6032><597.8858><0.2391304><1><1506.604><3728.886><217.6447><-203.3553><0><0.4369566, OMNI><AM_SUB-CaveTone.ogg><829.8311><562.6072><0.3586957><0.9413043, OMNI><SO_IND-Humm.ogg><830.658><489.1274><0.1956522><1.097826, SPOT><SO_WAT-OpenFlow.ogg><833.0279><380.8019><0.7065217><1.019565><544.0279><1089.106><992.6447><-55.35535><0.4456522><0.5434783, SPOT><AM_WIN-NiceWnd.ogg><835.9443><272.2975><0.5><1><1668.944><2394.298><56.64465><-320.3553><0><0.3717393, SPOT><SO_NAT-LilDrips.ogg><839.3093><167.1896><0.5><1><1224.309><1241.19><384.6447><-91.35535><0><0.5456523, SPOT><SO_WAT-MoreDrips.ogg><840.9342><52.92206><0.5869565><1.176087><466.9343><901.9221><-652.3553><455.6447><0><0.6217393, SPOT><SO_NAT-WindTunnel.ogg><661.8909><51.5824><0.423913><1.195652><-162.1091><1299.583><158.6447><17.64465><0><0.2086958, SPOT><AM_IND-DeepHum.ogg><654.374><488.1554><0.2826087><1><1785.374><3751.155><-67.35535><-77.35535><0><0.5347828, 
FadePalette: 21, 0, 0, 0, 0, 0, 0, 0, 0
MorePalette0: 367, 0.1195652, 0.1195652, 0.1195652, 0.1195652, 0.1195652, 0.05434782, 0.1195652, 0.1195652
MorePalette1: 10, 0.7934783, 0.7826087, 0.7717391, 0.75, 0.75, 0.7608696, 0.7826087, 0.7826087
