Palette: 33
Effects: FireFlies-0.25-303-141, 
PlacedObjects: BrokenShelterWaterLevel><349.55><468.7491><, 
FadePalette: 15, 0.2391304
MorePalette0: 10, 0.9015284
