DangerType: FloodAndRain
RainIntensity: 0.7065217
RumbleIntensity: 0.7065217
Effects: Darkness-0.3043478-27-75, 
PlacedObjects: CustomDecal><277.4238><-59.09891><2~466~146~384~116~-24~-445~353~0~1~1~Rust3~0.18401~1~0.18401~1~0.18401~1~0.18401~1, CustomDecal><489.8118><-15.56781><-4~359~133~385~159~-48~-656~0~0~1~1~Rust1~0.1166442~1~0.1166442~1~0.1166442~1~0.1166442~1, CustomDecal><77.83374><360.8612><-18~210~626~127~478~-80~744.332~-365.9414~0.5978261~1~0.9347826~WhiteJunk2~0.138384~0.6956522~0.138384~0.6956522~0.138384~0.6956522~0.138384~0.6956522, CustomDecal><424.3511><367.5775><-90~161~429~268~407~-58~-332~-68~0.5978261~1~1~BoneType~0.227488~0.9782609~0.227488~0.9782609~0.227488~0.9782609~0.227488~0.9782609, DangleFruit><755.0757><494.5649><0~0~2~3, DangleFruit><295.0968><454.925><0~0~2~3, DangleFruit><318.83><408.6447><0~0~2~3, DevToken><450.3483><336.9241><0~-99~38~-251~0~~~0~0~0~1~0~0~0~1, 
FadePalette: 33, 0.6521739
MorePalette0: 367, 0.6495925
MorePalette1: 10, 0.3073963
