DangerType: FloodAndRain
RainIntensity: 0.7065217
RumbleIntensity: 0.7173913
Clouds: 0.1956522
Grime: 0.4021739
RandomItemDensity: 0.3804348
Effects: Darkness-0.6086956-20-20, 
PlacedObjects: CustomDecal><499.979><1025.199><1~478~522~321~507~-220~361~-334~0~1~0~Rust3~0.1195652~1~0.1195652~1~0.1195652~1~0.1195652~1, CustomDecal><100.6139><711.6033><-85~675~173~641~104~-21~-268~271~0~1~0~RustB2~0.2173913~1~0.2173913~1~0.2173913~1~0.2173913~1, CustomDecal><233.5502><869.0079><-1~352~784~136~802~-63~-401~-202~0.1304348~0.9782609~0~DirtyWaterLine~0.2608696~0.9456522~0.2608696~0.9456522~0.2608696~0.9456522~0.2608696~0.9456522, CustomDecal><94.93622><111.0605><-51~374~1023~423~931~-149~-227~57.99998~0~1~1~DirtyWaterLine~0.3152174~1~0.3152174~1~0.3152174~1~0.3152174~1, CustomDecal><154.7965><97.69452><-48~317~306~234~293~-19~710~156~0.4565217~1~0.9021739~Rust3~0.2826087~0.9891304~0.2826087~0.9891304~0.2826087~0.9891304~0.2826087~0.9891304, 
FadePalette: 33, 0.5, 0.5
MorePalette0: 367, 0.6089929, 0.6031925
