Template: VS_SettingsTemplate_Surface
RainIntensity: 0.7065217
RumbleIntensity: 0.7065217
Effects: 
PlacedObjects: DangleFruit><209.6444><1888.42><0~0~2~3, DangleFruit><233.9402><1868.189><0~0~2~3, DangleFruit><290.5928><1921.127><0~0~2~3, DangleFruit><746.8483><1884.826><0~0~2~3, DangleFruit><769.5521><1844.03><0~0~2~3, CustomDecal><-28.133><1533.149><-118~653~1079~408~796~-94~11~-305~0.6630435~1~1~BlueBrown~0.1521739~1~0.1521739~1~0.1521739~1~0.1521739~1, CustomDecal><265.9305><1635.473><-137~361~722~452~749~209~-271~-318~0.6739028~1~1~GreyBones~0.5217391~1~0.5217391~1~0.5217391~1~0.5217391~1, CustomDecal><43.88449><1999.087><-93~160~1021~159~1034~-62~-67.00076~-633~0.5434783~0.7934783~1~BlackRust1~0.3587134~1~0.3587134~1~0.3587134~1~0.3587134~1, CustomDecal><462.4354><1574.432><-69~355~475~300~499~26~371~-311.9857~0.3585669~0.5542789~0.5763085~porl~0.5543512~0.6195652~0.5543512~0.6195652~0.5543512~0.6195652~0.5543512~0.6195652, 
FadePalette: 33, 0.7065217, 0.75, 0.8043478
MorePalette0: 367, 0.6031932, 0.5857936, 0.5509936
MorePalette1: 10, 0.3479959, 0.3885956, 0.4233956
MorePalette2: 364, 0.1565983, 0.1043986, 0.05219899
