Grime: 0.08695652
Palette: 21
Effects: 
PlacedObjects: 
FadePalette: 8, 0.8586956, 0.9021739, 0.9347826
MorePalette0: 367, 0.249397, 0.2029976, 0.1275986
