Template: VS_SettingsTemplate_Surface
RainIntensity: 0.7065217
RumbleIntensity: 0.7065217
Grime: 0.2717391
Effects: 
PlacedObjects: FirecrackerPlant><696.7824><2393.947><0~0~2~3, FirecrackerPlant><749.6706><2399.934><0~0~2~3, DeadSeedCob><-54.97333><2880.802><, DeadSeedCob><40.20001><2904.999><, Mushroom><733.2892><535.6962><0~0~2~3, Mushroom><761.0978><545.6297><0~0~2~3, 
FadePalette: 33, 0.6521739, 0.7065217, 0.7608696, 0.8260869
MorePalette0: 367, 0.7017915, 0.5741935, 0.4465942, 0.3247959
MorePalette1: 10, 0.1043993, 0.2087973, 0.3015966, 0.4059952
