DangerType: Rain
EffectColorA: 9
PlacedObjects: BrokenShelterWaterLevel><267.9417><224.3087><, 
FadePalette: 33, 0.8586956
MorePalette0: 367, 0.3015966
MorePalette1: 364, 0.3537956
