Template: SU_SettingsTemplate_Inside
Clouds: 0.04347826
Grime: 0.2391304
BkgDroneVolume: 0.2769565
BkgDroneNoThreatVolume: 0
FadePalette: 8, 0.2608696
MorePalette0: 10, 1
MorePalette1: 0, 0.08695652
