Clouds: 0.6521739
Grime: 0.1630435
BkgDroneVolume: 0.2769565
EffectColorB: 7
Effects: Flies-0.1304348-20-20, ModifyEffectColorB-0,0.1086956,0.1086956-30-30, 
PlacedObjects: SuperJumpInstruction><475.6972><329.9665><-271~-102~-265~-126~-6~-32, CustomDecal><142.8623><178.4155><-11~253~190~233~176~-6~-272~53~0.3152174~0.6521739~0.4130435~goblin~0.1413043~0.4347826~0.4456522~0.4347826~0.1304348~0.4347826~0~0.4347826, CustomDecal><162.1924><101.195><-101~274~627~133~534~-31~264~275~0.3152174~0.7717391~0~Big Letters~0.3804348~0.3913043~0.1521739~0.3913043~0.05434782~0.3913043~0.1086956~0.3913043, CustomDecal><32.4469><41.21469><-90~524~334~620~253~-33~588~-46~0.3043478~1~0~RustB1~0.06521739~0.3043478~0.6195652~0~0.1304348~0~0.1195652~1, 
AmbientSounds: OMNI><AM_ENV-LightWind.ogg><749.179><585.9108><0.4782609><0.6478261, SPOT><AM_IND-Utility02.ogg><770.8332><400.6103><0.326087><1><69.83319><487.6103><31.64465><-143.3553><0><0.3173914, SPOT><SO_IND-Fridge.ogg><768.8686><256.4008><0.2282609><1><548.8686><344.4008><-66.35535><-72.35535><0><0.3500001, 
FadePalette: 1, 0
MorePalette0: 373, 1
MorePalette1: 369, 0.02173913
