Template: SU_SettingsTemplate_Inside
DangerType: Rain
RainIntensity: 0.7065217
RumbleIntensity: 0.7065217
WaveSpeed: 0.4840832
WaveLength: 0.9920416
WaveAmplitude: 0.0334647
SecondWaveLength: 0.1666667
SecondWaveAmplitude: 0
Grime: 0.3913043
Palette: 33
Effects: FireFlies-0.3804348-34-92, 
PlacedObjects: CustomDecal><364.3086><237.6921><-131~417~662~497~713~-55~170~-486~0.3152174~0.4021739~0~GhostGraffiti~0.04639999~0.8369565~0.04639999~0.8369565~0.04639999~0.8369565~0.04639999~0.8369565, CustomDecal><398.9806><302.449><-20~255~404~275~359~-25~-544~-204~0.3043478~1~0~SR~0.2377971~0.1195652~0.2377971~0.1195652~0.2377971~0.25~0.2377971~0.9456522, CustomDecal><642.3093><322.6895><0~260.6759~238.4231~260.6759~238.4231~0~-632~-362.057~0.326087~0.4130435~0.1304348~UNQ - OrangeTeeth~0.3620075~0~0.3620075~0~0.3620075~0.3369565~0.3620075~0, CustomDecal><547.0981><375.3257><0~40~205~75~189~-23~-553.304~-433.9461~0.2934783~1~0~junkGraffiti2~0~0.1413043~0~0.1413043~0~0.1413043~0~0.1413043, CustomDecal><666.1516><345.0759><-10~67~145~110~146~-1~-697.5758~-321.6383~0.3152174~1~0~WhiteUnfinished~0.2914747~0~0.2914747~0~0.2914747~0~0.2914747~0.7065217, CustomDecal><141.1158><304.6483><-9~122~374~116~382~-12~-177.1109~-350.0055~0.3043478~0.4130435~0~CrudeGrey~1~0.6956522~1~0.6956522~0.6086956~0.6956522~0~0.6956522, CustomDecal><399.8988><487.1163><-26~144~703~182~729~-449~-134~-737~0.3152174~1~0~RustB1~0.4001956~1~0.4001956~1~0.4001956~1~0.4001956~1, CustomDecal><453.9198><375.8943><0~116.5624~211.9317~116.5624~211.9317~0~-475~-67~0~1~0~WhiteTag11(Bubbly)~0.1681983~0~0.1681983~0~0.1681983~0.4456522~0.1681983~0.8369565, LanternOnStick><711.5513><479.5229><34~-155, LanternOnStick><340.554><425.5396><-28~-128, 
AmbientSounds: SPOT><AM_IND-Utility01.ogg><754.0535><475.7126><0.3586957><1><209.0535><473.7126><-47.35535><-224.3553><0><0.5130436, 
FadePalette: 14, 0.2065217
MorePalette0: 367, 0.7017922
MorePalette1: 10, 0.8119912
