RainIntensity: 0.5543478
RumbleIntensity: 0.5543478
Clouds: 0.2608696
Grime: 0.1630435
BkgDroneVolume: 0.2769565
Palette: 0
EffectColorB: 5
Effects: Flies-0.1304348-20-20, FireFlies-0.25-297-164, ReplaceEffectColorB-0-19.86172-75.35547-Color-0-0.08119915-0.08119915, 
PlacedObjects: SuperJumpInstruction><475.6972><329.9665><-271~-102~-265~-126~-6~-32, CustomDecal><142.8623><178.4155><-11~253~190~233~176~-6~-272~53~0.3152174~0.6521739~0.4130435~goblin~0~0.4347826~0~0.4347826~0~0.4347826~0~0.4347826, CustomDecal><162.1924><101.195><-101~274~627~133~534~-31~341~204~0.3152174~0.7717391~0~Big Letters~0.06959865~0.3913043~0.06959865~0.3913043~0.06959865~0.3913043~0.06959865~0.3913043, CustomDecal><91.4469><32.21469><-90~524~334~620~253~-33~391.5992~-56.57184~0.3043478~1~0~RustB1~0~0.3043478~0~0~0~0~0~1, 
AmbientSounds: OMNI><AM_ENV-LightWind.ogg><749.179><585.9108><0.4782609><0.6478261, SPOT><AM_IND-Utility02.ogg><770.8332><400.6103><0.326087><1><69.83319><487.6103><31.64465><-143.3553><0><0.3173914, SPOT><SO_IND-Fridge.ogg><768.8686><256.4008><0.2282609><1><548.8686><344.4008><-66.35535><-72.35535><0><0.3500001, 
FadePalette: 8, 0.2065217
MorePalette0: 10, 0.8043478
MorePalette1: 386, 0.7065217
