Template: NONE
DangerType: Flood
Clouds: 0.01086957
Grime: 0.3695652
BkgDroneVolume: 0.2565218
Palette: 0
EffectColorA: 2
EffectColorB: 21
Effects: HeatWave-0.1521739-20-20, 
PlacedObjects: CustomDecal><1989.353><221.1145><-2~257.8638~-895.8469~265.8638~-745.8469~-22~-831.1273~130.2117~0.2934783~0.3804348~0~WetWhite~0.05219965~0.2173913~0.05219965~0.2173913~0.05219965~0.6739131~0.05219965~0.6413044, CustomDecal><1190.908><31.37701><-19~494.0366~673.0366~444.0366~719.0366~0~740.6202~80.71326~0.3043478~1~0~RunningWhite~0.09262881~1~0.09262881~1~0.09262881~1~0.09262881~1, CustomDecal><1297.608><216.6685><-12~241.7543~645.6666~256.7543~639.6666~19~-399.6797~-169.6539~0.2391304~1~0~UNQ - Blubber King~0.04059949~0~0.04059949~0~0.04059949~0.2282609~0.04059949~0.1630435, CustomDecal><1796.928><285.1865><0~143~157~174~170~7~-122.5696~-174.9586~0.3043478~0.3478261~0~WhiteTag11(Bubbly)~0.06379832~0~0.06379832~0~0.06379832~0.75~0.06379832~0.5434783, CustomDecal><1508.865><267.6631><0~71.00603~118.1445~71.00603~118.1445~0~164.4368~150.1461~0~1~0~WhiteTag9~0.08699832~0~0.08699832~0~0.08699832~0.423913~0.08699832~0.6847826, CustomDecal><2145.052><92.77469><-9~503~-897~489~-736~1~-1171.916~108.539~0.05434782~1~0~Rust2~0~1~0~1~0~1~0~1, CustomDecal><1128.922><292.0657><0~139~110~140~105~9~286.0687~57.90936~0.326087~1~0~BlackCloud~0~0~0~0~0~0.6521739~0~0.6521739, CustomDecal><465.9324><236.6678><4~65~319~90~334~0~-474.2398~-97.94687~0.3043478~0.423913~0~YCIO~0.1043993~0.1304348~0.1043993~0.2717391~0.1043993~0.9456522~0.1043993~1, CustomDecal><421.842><230.3773><0~74~213~82~217~13~-285.1008~-97.41327~0.3152174~0.4891304~0~WhiteTag5~0.1043993~0.2934783~0.1043993~0.2934783~0.1043993~0.6086956~0.1043993~0.9673913, CustomDecal><1375.547><155.1945><10~179~452~225~457~-9~-477.4664~195.7429~0~0.2934783~0~RunningWhite~0~1~0~1~0~1~0~1, GoldToken><1734.266><320.8007><21~-62~-320.8258~-183.0539~0~SU~~0~0~0~0~0~0~0~0~0~0~0~0~0~0~0, DeadTokenStalk><1369.21><338.3041><-32~-58, DeadTokenStalk><1803.871><341.153><7~-58, DeadTokenStalk><422.4236><324.9006><-34~-60, DeadTokenStalk><351.645><324.6378><12~-56, BlueToken><740.3059><301.2018><18~-62~-201.6633~-289.8976~1~DangleFruit~~0~0~0~0~0~0~0~0~0~0~0~0~0~0~0, SteamPipe><655.6222><400.4039><-34~-40, SteamPipe><377.6046><408.3873><59~-57, SteamPipe><375.95><406.2522><-8~-21, LightSource><1232.945><307.7054><0.2173913~EffectColor1~0~100~-14~192.6025~1~0~None~0~0, LightSource><1312.551><330.7316><0.2608696~EffectColor1~2~55~50~86.60254~1~0~None~0~0, LightSource><1432.55><287.7399><0.2391304~EffectColor1~-1~52~41~202.6025~1~0~None~0~0, LightSource><1529.939><307.6837><0.2934783~EffectColor1~4~67~50~86.60254~1~0~None~0~0, LightSource><1727.602><311.6151><0.25~EffectColor1~0~71~50~86.60254~1~0~None~0~0, LightSource><1864.778><308.9481><0.326087~EffectColor1~-4~75~50~86.60254~1~0~None~0~0, 
AmbientSounds: OMNI><SO_WAT-DripTap.ogg><655.3223><640.6583><0.3804348><1, SPOT><waterGurgleLOOP1.wav><767.7476><550.55><0.3695652><1><2028.748><403.55><-31.35535><-130.3553><0><0.2739132, OMNI><SO_WAT-LilDrips.ogg><479.178><638.9089><0.173913><1, OMNI><AM_ENV-NatWind.ogg><834.3345><644.6122><0.2934783><1, SPOT><SO_IND-HeatDuct.ogg><773.4325><425.0818><0.3804348><1><495.4325><547.0818><-31.35535><-130.3553><0><0.5347828, 
FadePalette: 8, 0.4565217, 0.5
MorePalette0: 367, 0.9072007, 1
MorePalette1: 10, 0.7328976, 0.8314548
