Clouds: 0.1195652
BkgDroneVolume: 0.2769565
EffectColorA: 9
EffectColorB: 8
PlacedObjects: CustomDecal><715.6898><181.0632><5~167~362~229~349~-20~-501~-138~0.6521739~0.6956522~0.4456522~YCIO~0.0326087~0~0.08703613~0.6195652~0.05434782~0.1956522~0~0.3913043, CustomDecal><1908.95><372.7581><-2~64~49~64~46~-1~-259~-350~0~1~0~Ghostling1~0.08695652~0~0.1195652~0~0.0326087~0.4347826~0.08695652~0.7608696, 
AmbientSounds: OMNI><AM_ENV-LightWind.ogg><719.6841><558.8281><0.3586957><0.8043478, 
