RainIntensity: 0.7065217
RumbleIntensity: 0.7065217
Clouds: 0.1413043
Grime: 0.3043478
BkgDroneVolume: 0.2769565
Palette: 33
EffectColorA: 9
EffectColorB: 21
Effects: Wasp-0.1304348-280-19, FireFlies-0.25-297-94, 
PlacedObjects: NoSpearStickZone><2116.781><506.1999><-43~132, CustomDecal><568.4322><88.31183><-35~225~381~242~382~-4~389.9999~-31~0.6195652~1~0.4782609~PR~0.0259134~0.7608696~0.0259134~1~0.0259134~1~0.0259134~1, CustomDecal><447.6014><81.61609><-35~205~406~202~371~-24~-287~-7~0.326087~0.8478261~0.5652174~OKI~0.02751359~0.25~0.02751359~0.1739237~0.02751359~0.3152174~0.02751359~0.4456522, CustomDecal><365.1881><499.8098><-2~89~61~77~46~-6~233~-148~0.6521739~1~0~Ghostling2~0.1630435~0.5217391~0.1630435~0.5217391~0.1630435~0.5217391~0.1630435~0.5217391, LightSource><861.5743><179.6746><0.08695652~White~0~100~9~181.6026~1~1~None~0~0, LightSource><1154.717><209.9159><0.09803507~White~0~100~50~86.60254~1~1~None~0~0, LightSource><1443.374><144.17><0.1086956~White~0~100~50~86.60254~1~1~None~0~0, LightSource><1464.827><336.9346><0.4891304~White~0~100~50~86.60254~1~0~None~0~0, LightSource><1361.324><261.36><0.5217391~White~6~75~50~86.60254~1~0~None~0~0, LightSource><1607.683><234.732><0.5217391~White~0~76~50~86.60254~1~0~None~0~0, LightSource><1732.682><270.9177><0.4565217~White~0~100~50~86.60254~1~0~None~0~0, 
AmbientSounds: OMNI><AM_ENV-LightWind.ogg><594.439><527.0596><0.4021739><0.8434783, SPOT><AM_IND-ElectricHum01.ogg><757.8345><295.8623><0.3695652><0.55><226.793><591.6609><64.64465><-88.35535><0><0.4152175, SPOT><AM_ENV-NatWind.ogg><766.6782><587.9366><0.3043478><1><1990.165><396.5526><-51.35535><-167.3553><0><0.404348, 
FadePalette: 0, 0.1847826, 0.2065217
MorePalette0: 10, 0.75, 0.75
MorePalette1: 386, 0.4673913, 0.4673913
