RainIntensity: 0.7065217
RumbleIntensity: 0.7173913
Clouds: 0.3478261
Grime: 0.25
BkgDroneVolume: 0.2769565
Palette: 33
EffectColorB: 5
Effects: DayNight-1-27-70, FireFlies-0.2608696-283-70, 
PlacedObjects: DangleFruit><66.3761><251.3448><797~72.99998~2~3, DangleFruit><80.08594><214.3856><784~74~2~3, DangleFruit><106.3192><194.6646><763~63~2~3, CustomDecal><316.6436><905.6392><82~152~338~113~261~11~580~182~0.6195652~1~0.8260869~Vertical Pink~0.3478261~0.8260869~0~0.4673913~1~0.4021739~1~0.8913044, CustomDecal><366.0503><879.761><34~161~-122~142~-113~-25~538~263~0.6630435~1~0~HoleChicken~0.5326087~0~0.5326087~0~0.5326087~0~0.5326087~0, CustomDecal><-145.1209><62.65277><-18~645~204~936~234~-63~502~266~0.6086956~1~0~Rust1~1~0.9347826~0.3586957~0.9347826~0~0.9347826~0~0.9347826, DayNightSettings><75.17285><1057.815><5~8.660254~1~0, LightBeam><-159.3587><67.83209><-1.000002~1506~1021~1505~342~0~25~56~0.04130455~0~0~1~None~0~0, LightBeam><149.1999><748.2563><-318~858~775~875~856~335~-55~87~0.06304269~0~0~1~None~0~0, 
AmbientSounds: OMNI><AM_ENV-LightWind.ogg><622.8415><606.6779><0.4565217><0.6478261, SPOT><AM_IND-Utility02.ogg><762.6773><463.6575><0.4456522><1.273913><775.6773><1172.657><-147.3553><-60.35535><0><0.4913045, 
FadePalette: 0, 0.1521739, 0.1086956
MorePalette0: 367, 0.7075918, 0.7075912
MorePalette1: 366, 0.150798, 0
