Clouds: 0.7065217
Grime: 0.3043478
BkgDroneVolume: 0.2769565
EffectColorA: 9
EffectColorB: 8
Effects: Wasp-0.3043478-280-19, ModifyEffectColorB-0,0.2282609,0.06521739-30-30, 
PlacedObjects: NoSpearStickZone><2116.781><506.1999><-43~132, CustomDecal><568.4322><88.31183><-35~225~381~242~382~-4~-440.8266~-27.08537~0.6195652~1~0.4782609~PR~0.07132024~0.7608696~0.03235195~1~0.08695652~1~0.06521739~1, CustomDecal><449.6014><81.61609><-35~205~406~202~371~-24~-287~-7~0.326087~0.8478261~0.5652174~OKI~0.06003537~0.25~0.04279559~0.1739237~0.07608629~0.3152174~0.05434716~0.4456522, CustomDecal><365.1881><499.8098><-2~89~61~77~46~-6~233~-148~0.6521739~1~0~Ghostling2~0.08695652~0.5217391~0.1413043~0.5217391~0.1847826~0.5217391~0.25~0.5217391, LightSource><177.5635><538.1779><0.3043478~Environment~112~2~-134~-203.3975~1~0~None~0~0, LightSource><275.0001><537><0.3043478~Environment~112~2~-134~-203.3975~1~0~None~0~0, 
AmbientSounds: OMNI><AM_ENV-LightWind.ogg><594.439><527.0596><0.4021739><0.8434783, SPOT><AM_IND-ElectricHum01.ogg><757.8345><295.8623><0.3695652><0.55><226.793><591.6609><64.64465><-88.35535><0><0.4152175, SPOT><AM_ENV-NatWind.ogg><766.6782><587.9366><0.3043478><1><1990.165><396.5526><-51.35535><-167.3553><0><0.404348, 
MorePalette0: 373, 1, 1
