RainIntensity: 0.7065217
RumbleIntensity: 0.7065217
Clouds: 0.3369565
Grime: 0.3586957
BkgDroneVolume: 0.2769565
Palette: 0
EffectColorA: 9
EffectColorB: 21
Effects: Flies-0.1304348-20-20, FireFlies-0.3478261-53-88, 
PlacedObjects: Mushroom><347.7483><56.45><-411~557~2~3, Mushroom><328.4277><54.90819><-387~476~2~3, Mushroom><533.6714><46.10309><-594~400~2~3, Mushroom><293.95><57.25478><-350~303~2~3, Mushroom><548.63><53.59002><-604~218~2~3, InsectGroup><794.5573><170.1967><-187~94~141.0001~-144~Beetle~0.5, CustomDecal><512.0604><73.68616><-67~164~486~399~539~-33~-513.639~182.7564~0.6304334~0.7826087~0~FaceAndTag~0~0.4782609~0~0.4782609~0~0.8369565~0~0.4782609, CustomDecal><667.3108><100.4355><21~392.2092~335.4918~363.2092~358.4918~13~-684.72~-47.02477~0.6521739~0.75~0.1521739~UNQ - FourEyes~0.02561155~0.3695652~0.02561155~0~0.02561155~0~0.02561155~0.6630435, CustomDecal><303.3732><1101.658><-34~241~306~195~249~-139~469~18.99805~0~0.3586957~0~Vertical Pink~0.04639866~0.3695652~0.04639866~0.3695652~0.04639866~0.3695652~0.04639866~0.5326087, CustomDecal><760.0833><269.5681><0~71.5892~139.578~106.5892~152.578~42~-590.6968~-182.1275~0.6521746~1~0~WhiteTagDecent~0.03721121~0~0.03721121~0~0.03721121~0.5978261~0.03721121~1, CustomDecal><570.9568><559.0562><22~-648~514~-653~517~9~-309~-284~0.6413044~1~0~RustB1~0~1~0~1~0~1~0~1, NeedleEgg><892.0881><241.1796><0~0~4~9, Filter><882.6438><226.5806><-20~61~7~-38~White|Yellow, LightSource><247.2106><1345.819><0.408407~EffectColor1~179.8211~5.020325~50~86.60254~0~0~None~0~0, LightSource><972.9341><535.5696><0.4891304~White~-109~46~-408.0359~-1.39743~0~0~None~0~0, 
AmbientSounds: OMNI><AM_ENV-LightWind.ogg><754.8318><572.1825><0.3695652><0.6673913, SPOT><AM_IND-Utility01.ogg><748.2663><143.8007><0.5><1><78.26624><404.8007><-57.35535><-165.3553><0><0.2956523, SPOT><AM_IND-Utility01.ogg><745.3859><4.664246><0.5><1><53.3858><637.6642><111.6447><-53.35535><0><0.2413045, SPOT><AM_IND-ElectricHum02.ogg><762.5984><385.8259><0.173913><0.8043478><299.6264><1356.07><-61.35535><-68.35535><0><0.2739132, SPOT><AM_IND-ElectricHum02.ogg><790.8367><281.3845><0.2065217><0.8043478><197.8367><1347.385><-26.35535><-79.35535><0><0.2195653, SPOT><SO_IND-Fridge.ogg><883.3038><167.0388><0.2391306><1><873.3037><47.03879><-35.35534><-35.35534><0><0.3065221, 
FadePalette: 8, 0.1521739, 0.1521739
MorePalette0: 367, 0.7075918, 0.7075918
MorePalette1: 10, 0.1565983, 0.2551966
MorePalette2: 10, 0.8043478, 0.8043478
MorePalette3: 386, 0.2065217, 0.2065217
