Clouds: 0.7065217
BkgDroneVolume: 0.2769565
EffectColorA: 9
EffectColorB: 8
Effects: ModifyEffectColorB-0,0.1413043,0.08695652-30-30, 
PlacedObjects: CustomDecal><715.6898><181.0632><5~167~362~229~349~-20~-501~-138~0.6521739~0.6956522~0.4456522~YCIO~0.0326087~0~0.08703613~0.6195652~0.05434782~0.1956522~0~0.3913043, CustomDecal><1908.95><372.7581><-2~64~47~70~46~-1~-259~-350~0~1~0~Ghostling1~0.08695652~0~0.1195652~0~0.0326087~0.4347826~0.08695652~0.7608696, SlimeMold><1916.906><547.5734><0~0~2~3, CosmeticSlimeMold><1940.527><570.0519><54~-5, SlimeMold><1959.646><466.3914><0~0~2~3, CosmeticSlimeMold><1939.42><430.1057><54~35, FlareBomb><596.7579><324.8002><0~0~2~3, FlareBomb><688.3298><346.105><0~0~2~3, SlimeMold><57.4444><588.4528><0~0~2~3, CosmeticSlimeMold><73.59912><594.5532><57~54, 
AmbientSounds: OMNI><AM_ENV-LightWind.ogg><719.6841><558.8281><0.3586957><0.8043478, 
MorePalette0: 373, 1, 1
