Template: NONE
RainIntensity: 0.75
RumbleIntensity: 0.7065217
Clouds: 0.06521739
Grime: 0.4565217
BkgDroneVolume: 0.2769565
Palette: 33
EffectColorA: 9
EffectColorB: 5
Effects: Flies-0.05434782-27-108, Wasp-0.1086956-28-8, FireFlies-0.4021739-28-59, DayNight-1-346-222, 
PlacedObjects: ScavengerOutpost><1510.873><234.1564><-36~260~41~176~0.8296537~25~25, CustomDecal><2581.385><423.1024><-59~-310~608~-346~515~61~101~-27~0.6304348~0.7065217~0~Big Letters~0.7173913~0.5108696~0.5~0.5108696~0.6739131~0.5108696~0.5~0.5108696, CustomDecal><2064.596><112.1273><-114~300~544~319~432~22~18~285~0.6413044~0.8695652~0~Pink Tag~0~0.1521739~0~0.1521739~1~0.1521739~1~0.5, CustomDecal><3351.512><99.55022><0~337.7007~753.1149~337.7007~753.1149~0~615~319~0.6413044~0.6847826~0.01086957~WetWhite~0.6629639~0~0.3260896~0~0.6413044~0.423913~0.2717391~0.326087, CustomDecal><2964.335><122.2963><-37~217~503~217~440~-19~134.9629~255.0281~0.6630435~0.7282609~0~FaceAndTag~0.3152174~1~1~0~0.7826087~0~0.9021739~0.8478261, CustomDecal><1362.438><199.2084><-19~71~322~70~293~-15~-330~-436~0~0.05434782~0~ScavMark WingedOrb~0.5~0.5652174~0.5~0.5652174~0.5~0.5652174~0.5~0.5652174, CustomDecal><1250.737><194.9364><6~169~486~134~518~-11~53~-465~0.3478261~0.8043478~0~Scav Wedges~1~0.2717391~1~0.2717391~0~0.2717391~1~0.2717391, CustomDecal><1089.598><157.8077><150~251~-819~370~-916~66~-548.0004~-445.9962~0.6413044~1~0~BlueBrown~0.3695626~0.7826087~0.3695626~0.7826087~0.3695626~0.7826087~0.3695626~0.7826087, CustomDecal><1778.394><200.1463><7~75~-90~76~-100~-7~-528~229~0~1~0~ScavMark Arrow~0~0~0.6086956~0~0.6086956~0.3695652~0.6086956~0.6304348, CustomDecal><3536.761><197.8358><0~110~107~110~107~0~648~-384~0.6630435~1~0~JackalopeSkull~0.9673913~0~0.7282609~0~0.09782609~0.6195652~0.3586957~0.4130435, CustomDecal><1671.55><179.2512><0~227~548~227~548~0~-55~-455~0.6521739~1~0~YellowBubbly~0.3695652~0.3586957~0.9347826~0.3586957~0~0.6630435~0~0.8260869, ReliableSpear><2383.979><79.19896><, ReliableSpear><2330.199><76.51205><, ReliableSpear><2439.948><73.19698><, CustomDecal><482.0543><19.29102><12~142~359~172~360~28~-648~113~0.2826074~0.3369565~0.5326087~ScavMark HI_A27~0.8152174~0.2826087~0.8152174~0.2826087~0.8152174~0.2826087~0.8152174~0.2826087, CustomDecal><191.439><179.4344><31~117~344~138~393~-97~-53.0896~-478.0475~0.326087~1~0.3804262~Pink Tag~0.8152174~0.9130435~0.8152174~0.9130435~0.8152174~0.9130435~0.8152174~0.9130435, CustomDecal><215.7947><360.4449><99~226~369~36~242~-201~-294.9998~-623.0054~0.6304736~1~0.6521739~RKSkull~0.06527279~1~0.4891858~1~0.4456809~1~0.3261423~1, CustomDecal><994.803><302.7663><6~137~723~83~654~-157~-141~19.99927~0.5869565~1~0~CEWO~0.2717391~0.1086956~0.2717391~0.1086956~0.2717391~0.1086956~0.2717391~0.1086956, ReliableSpear><557.7089><83.80501><, ReliableSpear><596.9027><86.87093><, ReliableSpear><624.5975><86.18593><, ReliableSpear><742.8906><86.15816><, ReliableSpear><768.9243><82.10249><, DayNightSettings><3296.893><299.8311><-2950~153.6602~0~14, LanternOnStick><1431.42><343.5677><-48~-115, LanternOnStick><1609.404><359.3731><15~-129, LanternOnStick><1526.276><388.4483><74~-143, LanternOnStick><2314.334><290.8182><-11~-133, LanternOnStick><3260.645><256.6702><8~-114, LanternOnStick><656.2983><440.8059><-24~-137, 
AmbientSounds: OMNI><AM_ENV-Outside.ogg><767.8061><473.692><0.5543478><0.823913, OMNI><AM_ENV-LightWind.ogg><768.8971><551.8855><0.4347826><0.7847826, SPOT><AM_IND-ElectricHum02.ogg><768.234><338.3007><0.2282609><0.9021739><236.234><422.3007><-28.35535><-52.35535><0><0.3065219, SPOT><AM_IND-Utility02.ogg><743.2572><207.4499><0.4565217><1><207.2572><628.4498><224.6447><-275.3553><0><0.4586958, SPOT><AM_IND-Utility02.ogg><289.4481><459.9726><0.4130435><1><4113.448><462.7825><-130.3553><-198.3553><0><0.4043476, SPOT><OM.wav><602.5519><591.778><0.2282609><1><2211.552><266.8046><-35.35534><-35.35534><0><0.4913045, 
FadePalette: 14, 0.2339129, 0.2282609, 0.2173913, 0.2065217
WetTerrain: OFF
