DangerType: FloodAndRain
RainIntensity: 0.7282609
RumbleIntensity: 0.7282609
Palette: 33
EffectColorB: 5
Effects: DayNight-1-30-30, FireFlies-0.2608696-40-40, 
PlacedObjects: DangleFruit><210.3367><478.6346><0~0~2~3, DangleFruit><243.3143><447.6755><0~0~2~3, DangleFruit><638.3671><511.6005><0~0~2~3, DevToken><523.5842><415.3619><-15~-57~44~-129~0~~White|Yellow|Red|Rivulet|Artificer|Saint|Gourmand~0~0~0~1, DayNightSettings><69.82001><290.3372><5~8.660254~1~0, 
FadePalette: 8, 0.07608695
