Template: SU_SettingsTemplate_Inside
Clouds: 0.2608696
Grime: 0.2934783
Palette: 33
EffectColorB: 5
Effects: DayNight-1-30-30, 
PlacedObjects: CustomDecal><354.3004><302.7632><2~197~276~142~207~-38~-516~-32~0.6304348~1~0~YellowFrog~0.8260869~0.1304348~0.8260869~0.1304348~0.8260869~0.1304348~0.8260869~0.1304348, CustomDecal><0.633667><174.8373><-170~543~1110~529~1091~-94~-280~-296~0.6521739~1~0~Big Tag~0.6521739~1~0.6521739~1~0.6521739~1~0.6521739~1, CustomDecal><91.1994><207.4846><-3~65~941~76~936~-48~450~-291~0.3043478~1~0~Long Tag~0.4456522~0.4891304~0.4456522~0.4891304~0.4456522~0.4891304~0.4456522~0.4891304, CustomDecal><400.1653><282.1291><4~53~61~57~57~0~259.7103~90.66669~0~1~0~WhiteTag10~0.4021739~0~0.4021739~0~0.4021739~0~0.4021739~0, CustomDecal><580.9807><198.8009><-15~247~287~241~273~-13~-528.1218~-461.9556~0.6521739~1~0~CrackDweller3~0.7826087~0.1521739~0.7826087~0.1521739~0.7826087~0.1521739~0.7826087~0.1521739, ReliableSpear><621.6013><404.5775><, DayNightSettings><903.5784><644.8907><5~8.660254~1~0, LanternOnStick><190.7827><312.0187><-23.47815~-67.82217, 
AmbientSounds: OMNI><AM_ENV-LightWind.ogg><729.4301><544.087><0.2608696><0.726087, 
FadePalette: 5, 0.09576532
MorePalette0: 10, 0.6727918
MorePalette1: 43, 0.6442712
