Template: SU_SettingsTemplate_Inside
Clouds: 0.07608695
Grime: 0.1956522
Palette: 33
EffectColorA: 0
EffectColorB: 5
PlacedObjects: InsectGroup><247.5561><269.701><0~100~-142~-238~RockFlea~0.1521739, CustomDecal><296.5401><230.1959><35~192~-154~156~-145~-12~-481~-70~0.6521739~1~0~littledoll~0.06951423~0.07608695~0.06951423~0.07608695~0.06951423~0.07608695~0.06951423~0.07608695, CustomDecal><230.4153><313.1812><46~200~479~69~256~-205~17~-547~0~1~0~rust2~0.03479999~1~0.03479999~1~0.03479999~1~0.03479999~1, CustomDecal><604.3638><204.1465><-18~206~237~244~265~-32~183~-221~0.6521739~1~0~happycloud~0.07608695~0.2282609~0.07608695~0.2282609~0.07608695~0.2282609~0.07608695~0.2282609, CustomDecal><134.1959><267.0402><-3~137~270~182~260~-25~-225~-317~0.6630435~1~0~biggreen~0.1180622~1~0.1180622~1~0.1180622~1~0.1180622~1, DeadTokenStalk><602.8089><373.9411><5~78, DeadTokenStalk><642.9437><368.8><-11~82, 
AmbientSounds: OMNI><AM_ENV-LightWind.ogg><736.2881><514.9463><0.2282609><0.8826087, SPOT><AM_IND-Utility02.ogg><446.4448><329.2955><0.423913><1><473.4448><461.2955><-35.35534><-35.35534><0><0.2739132, 
FadePalette: 4, 0.2165308
MorePalette0: 367, 0.5911222
MorePalette1: 10, 0.6949609
