Template: SU_SettingsTemplate_Inside
DangerType: Flood
Clouds: 0.1304348
Grime: 0.2826087
Palette: 33
PlacedObjects: CustomDecal><89.94543><165.5426><101~549~359~422~341~-80~-260.8927~-59.0889~0~1~0~RustB1~0.5978261~1~0.5978261~1~0.5978261~1~0.5978261~1, CustomDecal><57.19543><276.7075><1~79~583~73~558~-37~-303~-389~0.3152174~1~0~CandyTag~0.5217391~0.8260869~0.5217391~0.8260869~0.5217391~0.8260869~0.5217391~0.8260869, CustomDecal><26.05029><251.9891><-6~359~661~311~560~-79~-87~15~0.6521739~1~0~BigM(B&W)~0.3369565~1~0.3369565~1~0.3369565~1~0.3369565~1, CustomDecal><98.19666><-13.96375><15~204~400~222~399~10~528~349~0~1~0~Scav Wedges2~0.1195652~0~0.1195652~0~0.1195652~0~0.1195652~0, CustomDecal><139.4498><493.7598><-4~162~317~121~370~13~-353~-395~0.3152174~1~0~GhostSplash~0.5108696~1~0.5108696~1~0.5108696~1~0.5108696~1, ScavengerTreasury><244.8021><16.97151><18~154, LanternOnStick><181.9064><101.142><26.32397~-67.11112, LanternOnStick><308.7284><85.30719><-20.63226~-54.31112, LanternOnStick><460.22><356.159><-22.76666~-72.80002, LanternOnStick><279.7098><573.9094><15.6521~-56.44446, LanternOnStick><286.3088><369.6042><9.248962~-86.31113, 
AmbientSounds: OMNI><AM_ENV-Outside.ogg><549.0152><300.9494><0.2934783><0.7065217, SPOT><SO_IND-Boiler.ogg><716.1667><281.3896><0.2717391><0.7652174><668.1667><446.3896><-35.35534><-35.35534><0><0.3717393, SPOT><AM_IND-Utility01.ogg><521.2634><508.6996><0.25><0.8630434><289.2634><87.6996><-35.35534><-35.35534><0><0.1652175, 
FadePalette: 14, 0.1440557
MorePalette0: 367, 0.3634624
MorePalette1: 10, 1
