Clouds: 0.2717391
Grime: 0.2173913
EffectColorA: 9
EffectColorB: 21
Effects: Darkness-0.08695652-30-30, 
PlacedObjects: CustomDecal><56.05469><357.3076><9~512~460~452~298~-189~-205~-50~0.6521739~1~0~RustB2~0.1847826~1~0.1847826~1~0.1847826~1~0.1847826~1, CustomDecal><186.0506><124.7348><21~183~764~199~749~-39~-339~204~0.6630435~0.6739131~0~SquidSoup(B&W)~0.05434782~0.1956522~0.2717391~0.1956522~0.05434782~0.1956522~0.05434782~0.1956522, NoSpearStickZone><599.4499><473.2478><4~55, DangleFruit><677.8228><294.0928><0~0~2~3, DangleFruit><700.9772><270.1987><1~99~2~3, LightSource><89.17493><364.653><0.07608695~White~-193~95~50~86.60254~0~1~None~0~0, LightSource><697.9505><488.8062><0.09782609~White~143~40~50~86.60254~1~1~None~0~0, LightSource><94.61841><371.0994><0.2692082~White~327.1492~63.28436~50~86.60254~0~0~None~0~0, LightSource><697.8002><497.5564><0.2634092~White~-255.1414~-2.256226~148~-31.39746~1~0~None~0~0, 
AmbientSounds: OMNI><AM_ENV-LightWind.ogg><547.9579><493.6955><0.3913043><0.6478261, SPOT><AM_IND-ElectricHum03.ogg><745.103><239.6356><0.326087><1><98.10297><360.6356><-19.35535><-25.35535><0><0.1760871, 
FadePalette: 8, 0.07608695
MorePalette0: 386, 1
