Clouds: 1
Grime: 0.2608696
Palette: 10
PlacedObjects: DayNightSettings><207.3523><265.1342><-184.2479~81.19357~0~4, 
AmbientSounds: OMNI><AM_ENV-Outside.ogg><765.4963><477.05><0.2934783><0.823913, OMNI><SO_WAT-LilDrips.ogg><719.0233><248.3014><0.3478261><1, 
FadePalette: 33, 0.4021739
MorePalette0: 37, 0.4818726
