Template: SU_SettingsTemplate_Inside
CeilingDrips: 0.5217391
Clouds: 0.1086956
Grime: 0.2173913
EffectColorA: 2
EffectColorB: 21
Effects: RockFlea-0.07608695-310-103, 
PlacedObjects: LightSource><136.5604><158.6865><1~White~0~100~50~86.60254~1~0~None~0~1, CustomDecal><1161.329><263.4338><-46~579~256~571~303~-17~-272~-253~0~1~0~Rust1~0.173913~1~0.09782609~1~0.02173913~1~0.09782609~1, CustomDecal><477.6979><321.7794><-21~203~296~162~301~-116~-295~35.1683~0.6413044~1~0~BrainGhosts~0.09782609~0.2826087~0.1847826~0.2826087~0.1847826~0.2826087~0.2717391~0.2826087, CustomDecal><1460.418><315.892><-25~100~94~108~83~0~370~3~0~1~0~TrainLogo~0.02379973~0.08695652~0.02379973~0.08695652~0.02379973~0.08695652~0.02379973~0.08695652, CustomDecal><1673.356><380.5803><22~65~113~34~83~-32~54~-492~0.6521739~1~0~LilOwl~1~0~1~0~1~0~1~0, InsectGroup><1296.179><694.0629><5~74~0~0~GrassHopper~0.06521739, InsectGroup><1298.375><403.0939><10~124~-185~28~Ant~0.3152174, ColouredLightSource><1732.694><407.7023><-947.5578~28.65546~FF0027~240^244~0.0326087~True~0.5~0~0.5~Always~0~100, ColouredLightSource><1728.697><417.2839><-685.9999~-114~FF0027~-72^148~0.3804348~False~0.5~0~0.5~Always~0~100, 
AmbientSounds: OMNI><AM_ENV-LightWind.ogg><428.3085><475.9422><0.3260867><0.7065217, SPOT><AM_ENV-Outside.ogg><216.3599><467.3572><0.4782609><0.7065217><1290.36><728.3572><-5.355347><-179.3553><0><0.3391306, SPOT><AM_IND-Utility04.ogg><135.1326><360.5881><0.3695652><1><-1.867371><427.5881><-35.35534><-35.35534><0><0.4152175, SPOT><SO_IND-MechHum01.ogg><738.5518><548.3068><0.5><1><138.5518><159.3068><-21.35535><-20.35535><0><0.1652175, SPOT><SO_NAT-LilDrips.ogg><767.4199><264.1444><0.3478261><1><782.4199><146.1444><-56.35535><-38.35535><0><0.06739144, 
FadePalette: 8, 0.2065217, 0.1630435
MorePalette0: 367, 0.9021739, 0.9021739
MorePalette1: 10, 0.7145551, 0.7145551
