Template: SU_SettingsTemplate_Inside
Clouds: 0.2608696
Grime: 0.2934783
Palette: 0
EffectColorA: 13
EffectColorB: 21
Effects: Darkness-0.5-30-30, 
PlacedObjects: CustomDecal><354.3004><302.7632><2~197~276~142~207~-38~-530~7~0.6304348~1~0~YellowFrog~0.04347826~0.1304348~0.04347826~0.1304348~0.04347826~0.1304348~0.04347826~0.1304348, CustomDecal><0.633667><174.8373><-170~543~1110~529~1091~-94~-178~153~0.6521739~1~0~Big Tag~0.1304348~1~0.1304348~1~0.1304348~1~0.1304348~1, CustomDecal><91.1994><207.4846><-3~65~941~76~936~-48~-268~63.00644~0.3043478~1~0~Long Tag~0.05434782~0.4891304~0.05434782~0.4891304~0.05434782~0.4891304~0.05434782~0.4891304, CustomDecal><400.1653><282.1291><4~53~61~57~57~0~-575.2897~-31.2464~0~1~0~WhiteTag10~0~0~0.2500002~0~0~0~0.2500002~0, CustomDecal><580.9807><198.8009><-15~247~287~241~273~-13~-757.1218~91.04439~0.6521739~1~0~CrackDweller3~1~0.1521739~1~0.1521739~1~0.1521739~1~0.1521739, ReliableSpear><621.6013><404.5775><, LanternOnStick><190.7827><312.0187><-23.47815~-67.82217, LightSource><717.1393><319.8564><0.4130435~EffectColor1~3~96~50~86.60254~1~0~None~0~0, 
AmbientSounds: OMNI><AM_ENV-LightWind.ogg><729.4301><544.087><0.2608696><0.726087, 
FadePalette: 5, 0.09576532
MorePalette0: 386, 1
