Template: NONE
DangerType: Flood
Clouds: 0.01086957
Grime: 0.2717391
BkgDroneVolume: 0.2673914
Palette: 33
EffectColorA: 2
EffectColorB: 8
Effects: Flies-0.04347826-20-20, 
PlacedObjects: CustomDecal><1272.082><107.109><-219~382~571~350~570~34~-215~-339~0~1~0~rust2~0.5978261~1~0.3913043~1~0.5434783~1~0.6521739~1, CustomDecal><592.9887><190.1997><-57~244~574~322~604~-90~-241~-473~0~1~0~rust1~0.4782609~1~0.5652174~1~1~1~0.3043478~1, CustomDecal><468.0162><297.1993><12~184~315~132~287~-60~-414~-465~0.326087~1~0~frankencat~0.9891304~0.07608695~0.9891304~0.4891304~0.9891304~0.1630435~0.9891304~0.1630435, CustomDecal><522.1897><274.0634><-15~132~511~151~509~-49~-667~-427~0.326087~1~0~bonetype~0.7282609~0.1847826~0.7282609~0.1847826~0.7282609~0.1847826~0.7282609~0.1847826, CustomDecal><133.0547><318.8076><-91~294~1038~387~982~-317~-315~-179~0.3152174~1~0~pinkbubbly~0.3913043~1~0.3913043~1~0.3913043~1~0.3913043~1, CustomDecal><1041.902><313.1742><0~112~220~101~235~3~252~-600~0.326087~1~0~whitetag5~0.4021739~0~0.4021739~0~0.4021739~0~0.4021739~0, CustomDecal><816.2458><356.45><-20~103~161~84~160~-51~-695~-22~0.3043478~1~0~whitetag~0.6086956~0.3369565~0.6086956~0.3369565~0.6086956~0.3369565~0.6086956~0.3369565, CustomDecal><1476.153><329.325><-1~64~73~60~73~1~-691~-641~0~1~0~littledude~0.6195652~0~0.6195652~0~0.6195652~0~0.6195652~0, CustomDecal><1483.841><237.6216><-3~111~63~88~64~1~355~-234~0~1~0~whitetag11(vertical)~0.3695652~0~0.3695652~0~0.3695652~0~0.3695652~0, DeadTokenStalk><1249.756><360.6999><6~-68, DeadTokenStalk><1303.558><351.4431><-18~-56, DeadTokenStalk><1725.559><327.5585><9~70, DeadTokenStalk><1679.927><336.4063><27~59, InsectGroup><692.69><286.8124><41~195~0~0~RockFlea~0.1195652, 
AmbientSounds: OMNI><SO_WAT-LilDrips.ogg><381.3099><537.9379><0.173913><1, OMNI><SO_WAT-DripTap.ogg><558.4938><552.4499><0.1847826><1, OMNI><AM_ENV-LightWind.ogg><890.3214><587.66><0.25><0.8826087, SPOT><waterGurgleLOOP1.wav><905.3516><165.1722><0.5><1><2218.352><190.1722><-143.3553><55.64465><0><0.75, SPOT><SO_IND-HVAC.ogg><691.0882><418.8676><0.326087><0.7065217><1266.088><232.8676><-16.35535><-29.35535><0><0.252174, SPOT><OM.wav><129.8928><99.39001><0.1304348><1><826.8928><323.39><-56.35535><-81.35535><0><0.1760869, 
FadePalette: 8, 0.173913, 0.3043478
MorePalette0: 42, 0.4673913, 0.4456522
MorePalette1: 10, 0.4565217, 0.4782609
MorePalette2: 43, 0.5760869, 0.5
