Clouds: 0.1086956
Grime: 0.3478261
Palette: 33
Effects: Flies-0.1521739-30-30, 
PlacedObjects: CustomDecal><119.5776><-18.39854><36~429~781~435~749~2~-186.4021~-46.93331~0.326087~1~0~badskin~0.2826087~1~0.2826087~1~0.2826087~1~0.2826087~1, CustomDecal><-6.182953><370.9384><115~486~687~259~311~-385~-235~-144~0~1~0~rust1~0.4565217~1~0.4565217~1~0.4565217~1~0.4565217~1, CustomDecal><645.2159><387.3029><-17~160~139~164~148~-10~-826~-488~0.326087~0.4347826~0~cactusman~0.5652174~0~0.5652174~0~0.5652174~0~0.5652174~0, LightSource><484.1472><587.1354><0.06521739~Environment~268~-156~-479.9594~-486.7531~1~1~None~0~0, LightBeam><281.511><525.1389><-19.20938~189.3333~420.6302~195.7333~401.4208~1.422241~-213.4375~-206.9333~0.5005589~0~0~1~None~0~0, 
AmbientSounds: OMNI><AM_ENV-LightWind.ogg><424.4081><511.0723><0.2826087><0.6869565, SPOT><AM_IND-DeepHum.ogg><734.0291><315.0521><0.3043478><1.469565><475.0291><-31.94788><-35.35534><-35.35534><0><0.3500001, 
FadePalette: 4, 0.04476912
MorePalette0: 367, 1
MorePalette1: 366, 0.1578004
