Template: SU_SettingsTemplate_Inside
Clouds: 0.07608695
Grime: 0.2282609
Palette: 33
EffectColorA: 0
EffectColorB: 7
Effects: Darkness-0.7065217-30-30, 
PlacedObjects: InsectGroup><488.9208><381.1459><5~115~-384~96.99997~Ant~0.3913043, CustomDecal><513.6985><402.2744><-33~149~392~209~394~-39~-723~-119~0.6195652~1~0~garbagewormtag~0.2826087~1~0.2826087~1~0.2826087~1~0.2826087~1, CustomDecal><356.5822><264.6823><-23~230~272~249~278~-37~-565~-30~0.3152174~1~0~brainghosts~0~0.2826087~0.2065217~0.2826087~0~0.2826087~0.2065217~0.2826087, CustomDecal><318.3309><206.3931><-72~258~465~389~457~-85~-477~-44~0~1~0~rust3~0.06521739~1~0.06521739~1~0.06521739~1~0.06521739~1, CustomDecal><396.212><353.9464><-23~118~144~142~149~-18~-610~-94~0.326087~1~0~whitetag2~0.2173913~0~0.2173913~0~0.2173913~0~0.2173913~0, 
AmbientSounds: SPOT><AM_ENV-LightWind.ogg><744.449><520.5566><0.2717391><0.8826087><688.449><382.5566><-45.35535><-65.35535><0><0.2304349, SPOT><AM_ENV-LightWind.ogg><744.512><520.9496><0.2717391><0.8826087><299.512><389.9496><-52.35535><-53.35535><0><0.2304349, SPOT><AM_IND-Utility03.ogg><481.9496><290.7631><0.3043478><1><485.9496><646.7631><-39.35535><-63.35535><0><0.3717393, SPOT><waterGurgleLOOP1.wav><731.5942><365.3746><0.5><1><-152.4058><-73.62535><-35.35534><-35.35534><0><1, 
FadePalette: 4, 0.8043478
MorePalette0: 367, 0.7282609
