Clouds: 0.2173913
Grime: 0.326087
EffectColorB: 2
Effects: DayNight-0.01086957-23-75, 
PlacedObjects: DangleFruit><553.3827><1222.412><-436~-247~2~3, DangleFruit><542.3759><1185.407><-452~-96~2~3, DangleFruit><533.3873><1149.645><-357~34~2~3, CustomDecal><489.1531><959.2415><-96~878~198~884~548~-288~-588~391~0~1~0~Rust2~0.4021739~1~0.4021739~1~0.4021739~1~0.4021739~1, CustomDecal><462.1082><940.2141><-97~345~542~401~334~-553~-699~61~0~1~0~Rust3~0.5~1~0.5~1~0.5~1~0.5~1, CustomDecal><333.3259><148.5984><-29~104~290~143~271~-9~-297~-71.00002~0~1~0~BadSkin~0.2391304~1~0.2391304~1~0.2391304~1~0.2391304~1, CustomDecal><809.9429><385.9417><-63~226~-416~181~-268~-144~-279~-62~0.6413044~1~0~HappyCloud~0.09782609~0.1413043~0.09782609~0.1413043~0.09782609~0.1413043~0.09782609~0.1413043, CustomDecal><591.761><560.4497><15~84~134~85~104~-39~-267~-174~0.6521739~1~0~WhiteTag4~0.1630435~0~0.1630435~0~0.1630435~0~0.1630435~0, CustomDecal><586.95><307.247><-41~116~152~176~206~0~246.9999~-76~0.6413044~1~0~junkGraffiti2~0.3152174~0~0.3152174~0~0.3152174~0~0.3152174~0, CustomDecal><86.05206><453.7213><-5~118~68~127~102~-5~-288~-23~0.6413044~1~0~CrackDweller1~0.1304348~0.1521739~0.1304348~0.1521739~0.1304348~0.1521739~0.1304348~0.1521739, DayNightSettings><62.95123><400.194><5~8.660254~0~0, 
AmbientSounds: OMNI><AM_ENV-LightWind.ogg><337.8296><470.8547><0.4565217><0.6478261, SPOT><AM_IND-Utility03.ogg><714.6393><415.1435><0.5><1><420.6393><452.1436><-65.35535><-94.35535><0><0.5347828, SPOT><SO_IND-MechHum02.ogg><733.8368><532.8656><0.4673913><0.5695652><427.8368><1320.866><-35.35534><-35.35534><0><1, 
MorePalette0: 367, 0.8586956, 0.8586956
MorePalette1: 366, 0.1086956, 0.05434782
