DangerType: Flood
Grime: 0.2065217
Palette: 0
Effects: FireFlies-0.2934783-28-93, 
PlacedObjects: 
FadePalette: 33, 0.7934783
MorePalette0: 367, 0.6031925
MorePalette1: 10, 0.6089929
