Template: SU_SettingsTemplate_Inside
Palette: 33
EffectColorB: 5
Effects: FireFlies-0.2391304-302-45, 
PlacedObjects: 
FadePalette: 0, 0.326087
MorePalette0: 367, 0.6089929
MorePalette1: 10, 0.6089929
