Template: SU_SettingsTemplate_Inside
RainIntensity: 0.7065217
RumbleIntensity: 0.7065217
Clouds: 1
Grime: 0.423913
Palette: 0
EffectColorA: 2
EffectColorB: 5
Effects: FireFlies-0.2065217-338-94, Darkness-0.4130436-30-30, 
PlacedObjects: 
AmbientSounds: SPOT><Basic Mech.wav><523.95><262.5025><0.2065217><0.8630434><431.95><477.5024><67.64465><-132.3553><0><0.1652175, 
FadePalette: 33, 0.8152174
MorePalette0: 367, 0.3073963
MorePalette1: 10, 0.6031932
