Clouds: 0.9239131
BkgDroneVolume: 0.284873
Palette: 140
Effects: BkgOnlyLightning-0.5543478-30-30, FairyParticles-1-275-240.4444, 
PlacedObjects: PlayerPushback><-113.4215><695.1028><372~-46, LightSource><1299.775><668.2056><0.2384624~EffectColor1~0~100~55~-173.4217~1~1~None~0~0, LightSource><1297.055><662.2762><1~EffectColor1~-9~-200~28~-218.3975~1~0~None~0~0, FairyParticleSettings><179.683><135.9543><5~8.660254~0~2.646488~2.781412~0.3913043~1~4.614072~60~245.4441~484.3004~830.6161~0~0~70.43478~121.3044~0~0~0.08695652~1~0.1000905~0.4012806~1~1~4~Leaf~LINEAR~QUAD_IN~200~0.04521677~0, 
AmbientSounds: OMNI><AM_WIN-SubWnd.ogg><719.4449><408.2946><0.4130435><1.136956, OMNI><AM_WIN-StrongWnd2.ogg><736.113><457.8957><0.3369565><1, 
FadePalette: 143, 0, 0, 0, 0
MorePalette0: 10, 1, 1, 1, 1
MorePalette1: 38, 0.02899966, 0.05799932, 0.09279931, 0.1043986
