Template: NONE
Palette: 141
EffectColorA: 21
EffectColorB: 19
PlacedObjects: FanLight><672.5509><273.3066><-543.6795~-89~97~1~0~0~0~FanLightMask1~-1~124~0~0, LightSource><660.9492><524.2322><0.3586957~EffectColor2~16~188~50~86.60254~1~0~None~0~0, 
AmbientSounds: OMNI><AM_IND-Factory04.ogg><353.3259><348.6516><0.2934783><1.547826, SPOT><SO_IND-FactoryM.ogg><594.8182><353.688><0.3913043><0.2956522><669.8182><274.688><-52.35535><-110.3553><0><0.154348, OMNI><OM.wav><708.1174><537.3381><0.75><0.4326087, 
FadePalette: 10, 0.5
MorePalette0: 10, 1
MorePalette1: 36, 0.05461121
