Template: GW_SettingsTemplate_Inside
DangerType: Rain
RainIntensity: 0.1086956
RumbleIntensity: 0.1086956
Clouds: 1
RandomItemDensity: 0
Palette: 33
EffectColorA: 10
EffectColorB: 21
Effects: Flies-0-301-113, RockFlea-0-38-115, ReplaceEffectColorB-0-20-20-Color-0-0-0.2065217, 
PlacedObjects: ScavengerTreasury><519.1697><-19.20499><-160~332, CustomDecal><291.5859><157.4307><-27~160~53~166~136~-13~-423~23~0~1~0~Boxheads~0.07608695~0~0.07608695~0~0.07608695~0~0.07608695~0, LanternOnStick><146.1414><265.3586><29~-142, LanternOnStick><337.825><247.0969><-52~-122, CustomDecal><196.6953><7.456894><-43~159~616~121~579~-7~-324~258~0~0.06521739~0~Scav Wedges~0.1304348~0.1630435~0.1304348~0.1630435~0.1304348~0.1630435~0.1304348~0.1630435, CustomDecal><823.9209><751.1837><153~10~139~-565~11~-548~-958~-469~0.326087~0.4456522~0~Scav Wedges~0.1304348~0.75~0.1304348~0.75~0.1304348~0.75~0.1304348~0.75, CustomDecal><102.2048><120.6948><186~-4~184~608~11~606~-236~33~0.326087~0.5108696~0~Scav Wedges~0.1086956~0.7282609~0.1086956~0.7282609~0.1086956~0.7282609~0.1086956~0.7282609, CustomDecal><413.3305><398.3561><-10~373~379~405~363~16~-542~-174~0~0.3478261~0~ScavMark BigSun~0.08695652~0~0.08695652~0~0.08695652~0.25~0.08695652~0.4456522, CustomDecal><47.12354><60.84268><-55~561~1027~558~987~11~-176~185~0.326087~0.6413044~0~ScavMark GW_A24~0.08695652~0~0.08695652~0~0.08695652~0~0.08695652~0.5217391, CustomDecal><75.63818><82.0842><83~554~1108~552~852~9~-208~220~0.6521739~1~0~zGWMarks - B07~0.1086956~0.3586957~0.1086956~0.3586957~0.1086956~0.3586957~0.1086956~0.3586957, CustomDecal><255.6894><150.5643><-29~92~187~111~182~-2~-386~50~0.3586957~1~0~ScavMark WingedOrb~0.1630435~0~0.1630435~0~0.1630435~0~0.1630435~0.3913043, CustomDecal><1083.753><64.8><-111~-2~-109~361~-1~360~-1215~259~0~0.4782609~0~Scav Wedges2~0.1086956~0~0.1086956~1~0.1086956~0~0.1086956~1, CustomDecal><964.3301><57.81677><-29~55~83~98~87~20~-1107~44~0~1~0~ScavMark Cross~0.07608695~0.3478261~0.07608695~0.3478261~0.07608695~0.3695652~0.07608695~0.6304348, CustomDecal><810.1254><23.15646><23~98~123~70~94~-4~-951.9999~103~0~1~0~ScavMark Circle~0.08695652~0~0.08695652~0~0.08695652~1~0.08695652~0.6086956, CustomDecal><1071.547><403.1943><0.1499023~-436.4316~-1060.066~-455.3257~-1156.171~203.5362~-1218~-326~0~0.2173913~0~zGWMarks - A01~0.1521739~0~0.1521739~0~0.1521739~0.7934783~0.1521739~0.7391304, BlueToken><448.6875><438.06><20~-59~101~48~1~Scavenger~Red|Artificer~0~0~0~0~0~0~0~0~0~0~0~0~0~0~0~0~0~0~0~0, BlueToken><539.4899><432.9497><-24~-55~-152~-359~1~FireSpear~Artificer~0~0~0~0~0~0~0~0~0~0~0~0~0~0~0~0~0~0~0~0, CustomDecal><973.1624><469.3832><89~1~79~514~3~517~-1109~-108~0~0.4782609~0~Scav Wedges2~0.07608695~0~0.07608695~0~0.07608695~0~0.07608695~0, CustomDecal><864.1739><389.6512><-22~152~84~172~79~-10~-1001~-48~0.2826087~1~0.04347826~ScavMarkDrone~0.08695652~0.6847826~0.08695652~0.6847826~0.08695652~0.6847826~0.08695652~0.6847826, LightSource><421.053><509.3071><0.4347826~EffectColor1~95~81~-274~-48.39746~1~0~None~0~0, LightSource><777.6381><499.8552><0.4782609~EffectColor1~0~100~50~86.60254~1~0~None~0~0, LightSource><960.7605><495.3003><0.2065217~EffectColor1~-18~70~-297~-132.3975~1~0~None~0~0, LightSource><144.1758><524.1547><0.2391304~EffectColor1~46~42~-7~-171.3975~1~0~None~0~0, LanternOnStick><742.5884><199.8679><-25~-74, LanternOnStick><559.1478><241.8652><24~-79, LanternOnStick><637.9917><294.3002><-24~-124, 
AmbientSounds: OMNI><AM_ENV-Outside.ogg><830.4142><643.3642><0.2717391><0.8043478, OMNI><AM_ENV-LightWind.ogg><653.6983><641.4738><0.2608696><0.6869565, 
FadePalette: 10, 0.173913
RoomSpecificScriptActive: ON
WetTerrain: OFF
MorePalette0: 10, 0.6956522
