Template: GW_SettingsTemplate_Inside
DangerType: Rain
RainIntensity: 0.01086957
RumbleIntensity: 0.1086956
Clouds: 1
RandomItemDensity: 0
Palette: 33
EffectColorA: 10
EffectColorB: 12
Effects: Flies-0-301-113, RockFlea-0-38-115, DayNight-0.255197-20-20, 
PlacedObjects: ScavengerTreasury><519.1697><-19.20499><-160~332, CustomDecal><291.5859><157.4307><-27~160~53~166~136~-13~-15~-433~0~1~0~Boxheads~0.4456522~0~0.4130435~0~0.4782609~0~0.8695652~0, LanternOnStick><146.1414><265.3586><29~-142, LanternOnStick><337.825><247.0969><-52~-122, CustomDecal><196.6953><7.456894><-43~159~616~121~579~-7~-139~-215~0~0.06521739~0~Scav Wedges~1~0.1630435~1~0.1630435~0~0.1630435~0~0.1630435, CustomDecal><823.9209><751.1837><153~10~139~-565~11~-548~-156~-1070~0.326087~0.4456522~0~Scav Wedges~0~0.75~0.326087~0.75~1~0.75~0.3586957~0.75, CustomDecal><102.2048><120.6948><186~-4~184~608~11~606~282~-404~0.326087~0.5108696~0~Scav Wedges~1~0.7282609~1~0.7282609~0~0.7282609~0~0.7282609, CustomDecal><413.3305><398.3561><-10~373~379~405~363~16~-301~-670~0~0.3478261~0~ScavMark BigSun~1~0~0.2608696~0~1~0.25~0.3369565~0.4456522, CustomDecal><47.12354><60.84268><-55~561~1027~558~987~11~-125~-313~0.326087~0.6413044~0~ScavMark GW_A24~1~0~1~0~0.6521739~0~0.5326087~0.5217391, CustomDecal><75.63818><82.0842><83~554~1108~552~852~9~-262~234~0.6521739~1~0~zGWMarks - B07~0.423913~0.3586957~0.423913~0.3586957~0.8913044~0.3586957~1~0.3586957, CustomDecal><255.6894><150.5643><-29~92~187~111~182~-2~55~-426~0.3586957~1~0~ScavMark WingedOrb~1~0~1~0~1~0~1~0.3913043, CustomDecal><1083.753><64.8><-111~-2~-109~361~-1~360~-423~-154~0~0.4782609~0~Scav Wedges2~0.6521739~0~1~1~0~0~0~1, CustomDecal><964.3301><57.81677><-29~55~83~98~87~20~-344~-381~0~1~0~ScavMark Cross~1~0.3478261~0.326087~0.3478261~0~0.3695652~0.2717391~0.6304348, CustomDecal><810.1254><23.15646><23~98~123~70~94~-4~-225.9999~-342~0~1~0~ScavMark Circle~1~0~1~0~0~1~1~0.6086956, CustomDecal><1071.547><403.1943><0.1499023~-436.4316~-1060.066~-455.3257~-1156.171~203.5362~-565~-722~0~0.2173913~0~zGWMarks - A01~0.06521739~0~0.5978261~0~1~0.7934783~0.5760869~0.7391304, BlueToken><448.6875><438.06><20~-59~101~48~1~Scavenger~Red|Artificer~0~0~0~0, BlueToken><539.4899><432.9497><-24~-55~-152~-359~1~FireSpear~Artificer~0~0~0~0, CustomDecal><973.1624><469.3832><89~1~79~514~3~517~-792~-82~0~0.4782609~0~Scav Wedges2~0.6521739~0~0~0~0~0~1~0, CustomDecal><864.1739><389.6512><-22~152~84~172~79~-10~-372~-179~0.2826087~1~0.04347826~ScavMarkDrone~0.6086956~0.6847826~0.6086956~0.6847826~0.6086956~0.6847826~0.6086956~0.6847826, DayNightSettings><300.5186><260.8947><5~8.660254~35~11, 
AmbientSounds: OMNI><AM_ENV-Outside.ogg><830.4142><643.3642><0.2717391><0.8043478, OMNI><AM_ENV-LightWind.ogg><653.6983><641.4738><0.2608696><0.6869565, 
FadePalette: 10, 0.173913
RoomSpecificScriptActive: ON
WetTerrain: OFF
