Template: GW_SettingsTemplate_Inside
DangerType: Rain
RainIntensity: 0.6847826
RumbleIntensity: 0.6956522
WaveSpeed: 0.5031013
WaveLength: 0.7484493
WaveAmplitude: 0.00679905
SecondWaveLength: 0.1666667
SecondWaveAmplitude: 0
Clouds: 1
Grime: 0.2826087
BkgDroneVolume: 0.2769565
Palette: 11
EffectColorA: 8
EffectColorB: 12
Effects: Darkness-0.2918026-20-20, WaterViscosity-0.09370472-18-77, HeatWave-0-18-133, LethalWater-0-282-131, SilenceWater-0-283-68, DayNight-0.5026612-283.2792-13.64444, FireFlies-0.665059-276.876-208.4889, 
PlacedObjects: FirecrackerPlant><690.2275><1771.435><132.0001~-71.01196~2~3, FirecrackerPlant><229.1902><1797.31><-413~191~2~3, FirecrackerPlant><251.855><1792.9><-440.298~110.2778~2~3, CustomDecal><24.9801><260.801><-22~263.7371~1089.66~254.7371~1055.66~-50~-34.00066~-402.3354~0.3043478~1~0~DirtyWaterLine~0.1521739~0~1~0~0.1956522~0.326087~1~0.6413044, CustomDecal><9.799988><1048.241><-31~648~570~842~604~-149~-292~86~0.6304348~1~0.2391304~AntMan~0.0326087~0.5652174~0.0326087~0.5652174~0.0326087~0.5652174~0.0326087~0.5652174, CustomDecal><-29.33318><356.839><32~530~849~395~729~-62~14.4333~-529.5966~0.6521873~1~0.5108696~LC_GroupGraffiti3~0.2173913~0.6630435~0.2173913~0.6630435~0.2173913~0.6630435~0.2173913~0.6630435, CustomDecal><311.659><257.5><-131~348~741~578~872~176~-253.1942~-440.0667~0.6084369~1~1~Pink Face~0.3695652~0.8913116~0.3695652~0.8913116~0.3695652~0.8913116~0.3695652~0.8913116, CustomDecal><-61.57205><588.3978><-93~514~1167~498~1150~-153~-66~-697~0.5217391~1~0.3695652~Big Letters~0.7065217~0.5978261~0.7065217~0.5978261~0.7065217~0.5978261~0.7065217~0.5978261, CustomDecal><327.2068><819.6953><-89~549~785~698~973~258~-631~184~0.6413044~1~1~BoneType~0.326087~1~0.326087~1~0.326087~1~0.326087~1, CustomDecal><-6.840881><1039.928><-48~430~775~434~714~76~-241~75~0.6195652~1~0.5543478~BlueBrown~0.2717391~0.5434783~0.2717391~0.5434783~0.2717391~0.5434783~0.2717391~0.5434783, CustomDecal><-24.30194><1625.443><188~471~944~58~595~-436~-335~-58~0.6630435~1~0.8478261~PurpleAndWhiteBubbly~0.1521739~0.5760869~0.1521739~0.5760869~0.1521739~0.5760869~0.1521739~0.5760869, CustomDecal><271.6736><1620.849><-113~479~804~659~778~118~606.9999~-244~0.6195652~1~1~AlienLetterB&W~0.1304348~0.5434783~0.1304348~0.5434783~0.1304348~0.5434783~0.1304348~0.5434783, CustomDecal><88.81042><1936.436><-85~377~648~478~707~112~-376~-402~0.5978261~1~0.9239131~Big Letters~0.5869565~0.4565217~0.5869565~0.4565217~0.5869565~0.4565217~0.5869565~0.4565217, DayNightSettings><185.7667><1892.758><5~8.660254~34~11, GlowWeed><190.3943><301.1824><0~0~2~3, GlowWeed><281.6371><224.0304><0~0~2~3, GlowWeed><637.7242><342.9041><0~0~2~3, GlowWeed><461.3948><353.89><0~0~2~3, GlowWeed><489.7378><265.2155><0~0~2~3, 
AmbientSounds: SPOT><SO_WAT-OpenFlow.ogg><60.55371><512.3074><0.3804348><0.5695652><39.55371><491.3073><-196.3553><-161.3553><0><0.7086958, SPOT><SO_NAT-LilDrips.ogg><239.8073><509.1967><0.3369565><1><459.8073><465.1967><-166.3553><-101.3553><0><0.328261, OMNI><AM_ENV-WinterHum.ogg><829.6492><651.6332><0.3478261><0.8826087, SPOT><SO_NAT-LilDrips.ogg><59.43329><397.33><0.1847826><1><204.4333><856.3302><-174.3553><-26.35534><0><0.4478262, SPOT><SO_WAT-LilDrips.ogg><236.0535><397.963><0.25><1><770.0535><1517.963><-148.3553><-96.35535><0><0.2956523, SPOT><AM_IND-Utility02.ogg><56.80096><283.9803><0.3695652><1><982.801><1158.98><-104.3553><-64.35535><0><0.3717393, SPOT><OM.wav><232.7197><283.5523><0.1630435><1><546.7197><2069.552><-65.35535><-40.35535><0><0.2630436, SPOT><AM_ENV-LightWind.ogg><421.2><508.751><0.4021739><0.8043478><827.2><2228.751><-189.3553><1.644653><0><0.4586958, 
FadePalette: 33, 0.9573369, 0.9518794, 0.9381339
