EffectColorA: 12
EffectColorB: 21
PlacedObjects: LightSource><674.0795><1145.146><0.25~EffectColor1~0~100~50~86.60254~1~0~None~0~0, LightSource><713.0001><1149><0.25~EffectColor1~0~100~50~86.60254~1~0~None~0~0, LightSource><693.9999><1228.987><0.25~EffectColor1~0~100~50~86.60254~1~0~None~0~0, LightSource><753.0001><1187><0.25~EffectColor1~0~100~50~86.60254~1~0~None~0~0, LightSource><888><1231><0.04347826~EffectColor1~3~50~50~86.60254~1~1~None~0~0, LightSource><889><1149><0.04347826~EffectColor1~3~50~50~86.60254~1~1~None~0~0, LightSource><931><1188><0.04347826~EffectColor1~3~50~50~86.60254~1~1~None~0~0, LightSource><988><1193><0.04347826~EffectColor1~3~50~50~86.60254~1~1~None~0~0, LightSource><461><670><0.25~EffectColor1~0~100~50~86.60254~1~0~None~0~0, LightSource><715.0001><656><0.25~EffectColor1~0~100~50~86.60254~1~0~None~0~0, LightSource><634><667><0.25~EffectColor1~0~100~50~86.60254~1~0~None~0~0, LightSource><556><682><0.25~EffectColor1~0~100~50~86.60254~1~0~None~0~0, LightSource><497><632><0.25~EffectColor1~0~100~50~86.60254~1~0~None~0~0, LightSource><616><649><0.25~EffectColor1~0~100~50~86.60254~1~0~None~0~0, 
MorePalette0: 375, 1, 1
MorePalette1: 10, 0.6086956, 0.6086956
