Template: NONE
Clouds: 1
Grime: 0.2717391
BkgDroneVolume: 0.2769565
RandomItemSpearChance: 0.4065217
Palette: 11
EffectColorA: 12
EffectColorB: 12
Effects: Flies-0.2065217-20-20, RockFlea-0.05434782-26-87, Fog-0.3043478-259-300, ReplaceEffectColorB-0-297-54-Color-0-0.04347826-0.1195649, 
PlacedObjects: SeedCob><666.7561><311.9499><0~0~7~10, DeadSeedCob><225.5554><515.204><, DeadSeedCob><595.7168><348.4472><, CustomDecal><1543.91><202.6302><-98~378~225~456~198~-36~-616~-42.00002~0~1~0~Rust1~0~1~0~1~0~1~0~1, CustomDecal><1501.861><119.3564><-24~504~239~438~193~-178~-493~242~0~1~0~RustB3~0~1~0~1~0~1~0~1, CustomDecal><2193.124><136.8429><-7~480~260~494~238~-50~-276~158~0~1~0~Rust1~0~1~0~1~0~1~0~1, CustomDecal><2434.082><95.85797><50~556~-260~528~-219~-11~-17~313~0~1~0~RustB1~0~1~0~1~0~1~0~1, CustomDecal><2738.676><107.6544><-105~690~364~593~298~-16~127~-302~0.6521739~1~0~Rust3~0~1~0~1~0~1~0~1, CustomDecal><967.6614><99.17929><-74~132~1143~126~1032~-14~7~124~0.05434782~1~0~DirtyWaterLine~0~0.6413044~0~0.6413044~0~0.6413044~0~0.6413044, CustomDecal><3731.885><124.1479><-7~86~-865~79~-814~-6~-129~-384~0.05434782~1~0~DirtyWaterLine~0~1~0~1~0~1~0~1, CustomDecal><1555.449><485.9785><-2~53~85~58~84~1~-313~-367~0~1~0~ScavMark Cross~0~0~0.1086956~0~0~0.5217391~0.1086956~0.5217391, CustomDecal><2278.213><498.0533><4~55~119~45~115~-9~272~-668~0~1~0~ScavMark WingedOrb~0.1086956~0~0~0~0.1086956~0.2826087~0~0.326087, CustomDecal><1661.555><484.4424><10~55.68604~54.68604~49.68607~50.68604~-10~-390~-104~0~1~0~ScavMark Circle~0~0~0.1086956~0~0~0.7065217~0.1086956~0.3913043, WhiteToken><2247.943><636.3127><29~-83~-71~-274.0005~0~Chatlog_GW0~White|Yellow|Red|Rivulet|Saint|Gourmand~0~1~0~0~0~1~0~0~0~1~0, ExitSymbolHidden><1873.063><114.6801><, CustomDecal><3195.449><320.4854><2~267~238~260~242~-4~-285.8169~-152.9996~0~0.1521739~0.5~ScavMark Stonehead3~0~0.5~0.05434749~0.5~0~0.5~0.05434749~0.5, CustomDecal><2967.034><315.9471><-136~544~858~559~841~-130~88.00003~-346~0.6195652~1~0~Rust2~0~1~0.02173913~1~0~1~0.02173913~1, CustomDecal><3477.199><197.0165><-46~664~486~670~492~-34~-399~-38~0.5978261~1~0~Rust2~0.1086956~0~0~0~0.1086956~0~0~0, CustomDecal><153.2322><176.5508><-32~226~842~138~821~-85~-304~87~0.2826087~1~0~HugeOrange~0~0.1413043~0.05434766~0.1413043~0~0.1413043~0.05434766~0.1413043, CustomDecal><229.6144><188.103><-20~131~285~149~317~-14~39~-353~0.3043478~1~0~CactusMan~0~0.5978261~0.02173847~0.5978261~0~0.5978261~0.02173847~0.5978261, CustomDecal><3543.896><324.9208><-215~409~403~579~538~99~-434~-149~0.5869565~1~0~BlueBrown~0~0.3913043~0.108695~0.3913043~0~0.3913043~0.108695~0.3913043, CustomDecal><3185.336><482.3646><-16~375~468~341~457~-109~-55~-637~0.6195652~1~0~OrangeCat~0.1086953~1~0~1~0.1086953~1~0~1, 
AmbientSounds: OMNI><AM_ENV-WinterTrees.ogg><833.4445><645.4421><0.4565217><0.9413043, SPOT><AM_ENV-LightWind.ogg><641.3671><438.1621><0.4021739><0.7456522><2371.367><605.906><-200.3553><8.644653><0><0.4369566, OMNI><AM_ENV-LightWind.ogg><658.9496><647.0126><0.423913><1, SPOT><AM_ENV-NatWind.ogg><63.80249><443.193><0.173913><1><276.8025><585.193><-168.3553><-46.35535><0><0.2304347, 
FadePalette: 35, 0.75, 0.75, 0.75, 0.75
MorePalette0: 375, 1, 1, 1, 1
MorePalette1: 10, 0.5, 0.5, 0.5, 0.5
