Template: NONE
DangerType: None
RainIntensity: 0
RumbleIntensity: 0
Grime: 0.2608696
Palette: 4
EffectColorA: 9
PlacedObjects: BrokenShelterWaterLevel><460.224><402.4483><, LightSource><500.4927><429.5501><0.4021739~Environment~-4~85~-364~-46.39746~1~0~None~0~0, 
AmbientSounds: SPOT><AM_IND-ElectricHum01.ogg><713.9061><297.875><0.4021739><1><497.9061><428.875><-35.35534><-35.35534><0><0.1, 
FadePalette: 33, 0.8695652
