DangerType: None
RainIntensity: 0
RumbleIntensity: 0
Clouds: 0.2173913
Palette: 33
EffectColorA: 9
PlacedObjects: BrokenShelterWaterLevel><587.7><84.24944><, LightSource><561.1436><111.8607><0.4021739~Environment~2~87~50~86.60254~1~0~None~0~0, 
AmbientSounds: OMNI><AM_ENV-LightWind.ogg><828.85><643.6732><0.2608696><0.823913, OMNI><SO_WAT-LilDrips.ogg><650.6083><644.3912><0.1847826><1, SPOT><AM_IND-ElectricHum01.ogg><715.2827><292.5527><0.4021739><1><561.2827><108.5527><-35.35534><-35.35534><0><0.1, 
FadePalette: 8, 0.0326087
