DangerType: None
RainIntensity: 0
RumbleIntensity: 0
Palette: 11
EffectColorA: 9
PlacedObjects: BrokenShelterWaterLevel><448.5795><222.8165><, LightSource><480.405><251.8736><0.4021739~Environment~-4~77~50~86.60254~1~0~None~0~0, 
AmbientSounds: SPOT><waterGurgleLOOP1.wav><100.9306><491.0624><0.173913><1><92.9306><256.0624><-177.3553><-74.35535><0><0.3500001, SPOT><AM_IND-Utility02.ogg><99.91217><371.883><0.3043478><1><453.9122><194.883><-169.3553><-4.355347><0><0.252174, SPOT><AM_IND-ElectricHum01.ogg><734.5504><298.0121><0.4021739><1><479.5504><250.0121><-35.35534><-35.35534><0><0.1, 
FadePalette: 33, 0.8913044
