Palette: 375
EffectColorA: 7
EffectColorB: 13
Effects: LethalWater-1-30-30, DirtyWater-1-42-116, SilenceWater-0.8804348-224-92, WaterLights-0-349-159, HeatWave-0.2934783-724-372, Darkness-0.2173913-477-279, 
PlacedObjects: CustomDecal><190.195><75.20551><6~748~587~812~580~-27~-417~-40~0.5108696~1~0~noseninja~0.1956522~0.3478261~0.2173913~0.3478261~0.09782609~0.3478261~0.08695652~0.3478261, LightSource><390.8572><-9.668823><0.5~EffectColor1~-151~474~279~-40.39746~0~0~None~0~0, LightSource><569><-75><0.5~EffectColor1~82~566~50~86.60254~0~0~None~0~0, SteamPipe><374.1202><-31.65979><3~98, SteamPipe><475.3025><-45.96838><-9~176, SteamPipe><574.5825><-69.35931><-3~126, LightSource><455.1512><323.8692><0.08695652~EffectColor2~-210~221~50~86.60254~0~0~None~0~0, LightSource><372><1016><0.3043478~Environment~-112~176~50~86.60254~0~0~None~0~0, LightSource><716><1332><0.3043478~Environment~-112~176~50~86.60254~0~0~None~0~0, LightSource><305><1701><0.3043478~Environment~-112~176~50~86.60254~0~0~None~0~0, LightSource><695><2187.997><0.3043478~Environment~-112~176~50~86.60254~0~0~None~0~0, LightSource><511><1616><0.4130435~EffectColor1~-31~260~279~-40.39746~0~0~None~0~0, SteamPipe><365><133><6~104, SteamPipe><560><134><-6~88, ReliableSpear><797.0631><262.1898><, ReliableSpear><309.8029><174.0336><, ReliableSpear><487.8952><165.8297><, ReliableSpear><417.0733><171.1861><, ReliableSpear><154.8019><168.0275><, CustomDecal><234.0502><184.9924><-34~329~457~364~486~-72~-93~62~0.4891304~1~0~lashesmouse~0.173913~0.1956522~0.08695652~0.1956522~0.08695652~0.1956522~0.06521739~0.1956522, ResizeablePopupTrigger><470.6942><296.9559><-436.4396~-226.6222~Hold the pick-up button with a spear to electrically charge it.~0.4640131~7.368813~-1~1~True~True~1~288.9899^102.9641, ReliableCreatureSpawner><592.0925><139.3671><-278.3179~187.1336~CicadaA~True~~2, 
FadePalette: 376, 0.5217391
