Template: GW_SettingsTemplate_Inside
DangerType: Rain
Palette: 11
EffectColorA: 12
EffectColorB: 21
Effects: Darkness-0.1847826-20-20, 
AmbientSounds: SPOT><SO_WAT-OpenFlow.ogg><676.2632><589.8004><0.4456522><1><1074.263><-44.19955><-240.3553><-79.35535><0><0.654348, 
FadePalette: 35, 0.7173913
MorePalette0: 375, 1
MorePalette1: 10, 0.5
