Template: NONE
Clouds: 1
Grime: 0.3695652
BkgDroneVolume: 0.2769565
Palette: 11
EffectColorA: 12
EffectColorB: 12
Effects: ReplaceEffectColorB-0-20-20-Color-0-0.04347843-0.1195652, Darkness-0.6521739-309-71, 
PlacedObjects: ScavengerOutpost><684.0781><174.6173><10~224~-379~256.9999~0.5760869~25~75, CustomDecal><2801.843><109.3736><42~166~-748~135~-650~0~-873~143~0~0.1956522~0~Scav Wedges~0.0326087~0.326087~0.0326087~0.326087~0.0326087~0.326087~0.0326087~0.326087, CustomDecal><2713.304><396.7111><12~334~-328~356~-325~6~-746~-253~0.1847826~1~0~ScavMark BigSun~0.04347826~0.2717391~0.04347826~0.2717391~0.04347826~0.2717391~0.04347826~0.2717391, CustomDecal><2519.064><412.4262><-34~536~-424~418~-522~12~-503.9999~-367~0.6304348~1~0~RustB3~0.06521739~0.9130435~0.06521739~0.9130435~0.06521739~0.9130435~0.06521739~0.9130435, CustomDecal><2602.182><296.6882><10~156~121~146~91~-24~-518~-160~0.3152174~1~0~ScavMark UpSign~0~0~0.08695619~0~0~1~0.08695619~0.7391304, CustomDecal><926.9493><92.48433><0~264.7495~1276.228~264.7495~1276.228~0~107~248~0.326087~1~0~zGWMarks - C05~0~0~0.05434782~0~0~0.7173913~0.05434782~0.5434783, CustomDecal><1999.055><150.9575><0~606.0854~987.4699~606.0854~987.4699~0~46~-55.99998~0.3152174~0.4347826~0~zGWMarks - C05b~0~0~0.08695652~0~0~0.326087~0.08695652~0.2608696, CustomDecal><2693.054><309.6925><-11.14168~345.392~-709.7758~142.1668~-676.8674~-38.42505~-749.9999~-217~0.6304348~1~0~zGWMarks - A01~0~0~0.1195652~0~0~0~0.1195652~0.9021739, CustomDecal><1993.638><431.0845><0~347~677~576~804~45~48~-382~0.6413044~1~0~zGWMarks - A12~0~0~0.07608695~0~0~0.4021739~0.07608695~0, CustomDecal><2950.373><150.0958><-39~661~-1236~446~-1180~-82~-735~196~0~0.1086956~0~zGWMarks - C05~0~0~0.07608695~0~0~0.5434783~0.07608695~0.7934783, LightSource><2.471603><329.552><0.2500003~EffectColor1~368~34~50~86.60254~1~0~None~0~0, LightSource><-14.68127><381.4156><0.06521805~EffectColor1~0~40~50~86.60254~1~1~None~0~0, LightSource><22.00002><335><0.06521805~EffectColor1~0~40~50~86.60254~1~1~None~0~0, LightSource><-7><292><0.06521805~EffectColor1~0~40~50~86.60254~1~1~None~0~0, 
AmbientSounds: OMNI><AM_ENV-WinterTrees.ogg><832.8128><652.1899><0.5><1, OMNI><AM_ENV-LightWind.ogg><658.1191><654.9012><0.4565217><0.8826087, SPOT><AM_WIN-WndTone.ogg><60.03241><500.0527><0.4130435><1><-43.96759><549.0527><-160.3553><-126.3553><0><0.3065219, SPOT><OM.wav><240.5951><498.1235><0.2934783><1><-9.404907><312.1235><-89.35535><-62.35535><0><0.3173914, SPOT><AM_ENV-CricketsWnd.ogg><59.94812><382.0275><0.4782609><0.9413043><493.9481><205.0306><-168.3553><-53.35535><0><0.3500001, SPOT><AM_IND-Utility02.ogg><248.7493><379.8><0.5><1><3024.749><536.8><-249.3553><-177.3553><0><0.3608697, SPOT><AM_ENV-NatWind.ogg><246.611><262.3938><0.4130435><1><1807.611><600.3938><-267.3553><41.64465><0><0.4913045, SPOT><AM_WIN_Hilltop.ogg><55.89966><267.3827><0.5869565><1><1700.9><88.38269><-141.3553><-48.35535><0><0.1, SPOT><AM_ENV-CricketsWnd.ogg><55.91809><150.6083><0.5><0.9413043><1001.625><213.569><284.6447><-166.3553><0><0.2086956, SPOT><SO_IND-HVAC.ogg><246.0616><30.317><0.3586957><0.8826087><3017.061><239.317><-190.3553><-132.3553><0><0.3173914, SPOT><AM_ENV-NatWind.ogg><248.0503><147.5103><0.4347826><1><2600.048><686.5701><-177.3553><-13.35535><0><0.5456523, 
FadePalette: 35, 0.7500002, 0.7608694, 0.7500002
MorePalette0: 375, 1, 1, 1
