Template: NONE
Clouds: 0.25
Grime: 0.3913043
BkgDroneVolume: 0.2769565
Palette: 11
EffectColorA: 12
EffectColorB: 12
Effects: Flies-0.1304348-20-20, Fog-0.5543478-22-79, ReplaceEffectColorB-0-290-61-Color-0-0.04347826-0.1195649, 
PlacedObjects: CustomDecal><84.55835><-52.80711><-162~758~515~725~472~-6~-355~165~0~1~0~Rust3~0.0326087~0.9239131~0.0326087~0.9239131~0.0326087~0.9239131~0.0326087~0.9239131, CustomDecal><508.4572><-57.67568><-95~778~425~703~345~-44~0~0~0~0.4891304~0~Rust3~0.03260737~1~0.03260737~1~0.03260737~1~0.03260737~1, CustomDecal><-21.69348><650.0508><-56~682~504~555~357~-38~-252~212~0~0.3043478~0~Rust2~0.04347826~1~0.04347826~1~0.04347826~1~0.04347826~1, CustomDecal><55.94551><657.7935><43~482~445~304~365~10~-164~180~0.2391304~0.8043478~0~NeonEye~0~0.1956522~0.06521706~0.1956522~0~0.1956522~0.06521706~0.1956522, CustomDecal><610.2414><699.6998><-32~435~148~416~90~-34~-770.9999~173~0.6195652~1~0~BigGreen~0~0.1521739~0.1304348~0.1521739~0~0.1521739~0.1304348~0.1521739, 
AmbientSounds: OMNI><AM_ENV-WinterTrees.ogg><830.2435><653.4499><0.3913043><1, OMNI><AM_ENV-LightWind.ogg><651.8005><656.4855><0.2934783><0.9217392, SPOT><AM_ENV-CricketsWnd.ogg><831.8198><532.1631><0.5><1><812.8198><-17.83679><-225.3553><-59.35535><0><0.8173915, SPOT><AM_ENV-NatWind.ogg><651.6171><532.1005><0.5><1><979.6172><1325.1><-471.3553><-337.3553><0><0.9695653, SPOT><AM_IND-Utility03.ogg><830.6062><418.389><0.423913><1><-157.3938><230.3891><-141.3553><-260.3553><0><0.4913045, SPOT><AM_IND-Utility02.ogg><661.7297><422.949><0.4021739><1><-110.2703><1060.949><-168.3553><-180.3553><0><0.5239132, SPOT><AM_WIN-SubWnd.ogg><654.9144><297.3861><0.5><1><210.9144><-56.61392><-192.3553><-33.35534><0><0.2304349, SPOT><AM_ENV-NatWind.ogg><830.7078><300.6955><0.3695652><0.7456522><1203.708><4.695511><-389.3553><120.6447><0><0.328261, 
FadePalette: 35, 0.8043478, 0.7826087
MorePalette0: 375, 1, 1
MorePalette1: 10, 0.5, 0.5
