Template: NONE
Clouds: 0.25
Grime: 0.3913043
BkgDroneVolume: 0.2769565
Palette: 11
EffectColorA: 12
EffectColorB: 12
Effects: Flies-0.1304348-20-20, Fog-0.5-22-79, 
PlacedObjects: TradeOutpost><733.5516><364.4746><-130~23, LanternOnStick><281.0656><238.5774><23~-120, LanternOnStick><619.342><484.3224><31~-118, LanternOnStick><794.4149><516.6132><-36~-167, CustomDecal><379.6042><338.4207><-151~717~748~687~625~-45~-393~-62~0.2608696~1~0~ScavMark GW_A24~0.09782642~0.4456522~0.09782642~0.4456522~0.09782642~0.4456522~0.09782642~0.4456522, CustomDecal><249.0723><79.09177><-19~612~106~613~109~-3~-308~92~0.6086956~1~0.3369565~Scav Wedges3(vert)~0.1413043~0.4130435~0.1413043~0.4130435~0.1413043~0.4130435~0.1413043~0.4130435, CustomDecal><26.6382><12.08389><17~646~571~626~529~-21~-217~180~0.3913043~0.5434524~0~ScavMark Stonehead2~0.1195651~0.5434783~0.1195651~0.5434783~0.1195651~0.5434783~0.1195651~0.5434783, CustomDecal><55.13556><-54.39713><25~588~958~373~934~6~-246~255~0.3043478~0.5869565~0~LC_ScavMarks3~0.1086956~0.4565217~0.1086956~0.4565217~0.1086956~0.4565217~0.1086956~0.4565217, DangleFruit><176.4443><459.7026><0~0~2~3, DangleFruit><195.1287><499.591><0~0~2~3, 
AmbientSounds: OMNI><AM_ENV-WinterTrees.ogg><830.2435><653.4499><0.3913043><1, OMNI><AM_ENV-LightWind.ogg><651.8005><656.4855><0.2934783><0.9217392, SPOT><AM_ENV-NatWind.ogg><838.6999><539.506><0.5><1><116.6999><714.506><-251.3553><-197.3553><0><1, SPOT><SO_IND-HeatDuct.ogg><841.1826><425.0817><0.3369565><1><928.1826><103.0817><-304.3553><-119.3553><0><0.7956523, 
FadePalette: 35, 0.8152174, 0.7717391, 0.7065217
MorePalette0: 375, 1
MorePalette1: 10, 0.5
