Template: NONE
Clouds: 0.25
Grime: 0.3913043
BkgDroneVolume: 0.2769565
Palette: 11
EffectColorA: 12
EffectColorB: 12
Effects: Flies-0.1304348-20-20, Fog-0.3043478-22-79, ReplaceEffectColorB-0-293-58-Color-0-0.04347826-0.1195649, 
PlacedObjects: CustomDecal><-94.82019><42.66251><-129~711~429~708~471~35~-98.99997~128~0~1~0~Rust2~0.03260886~0~0.03260886~0~0.03260886~0~0.03260886~0, CustomDecal><161.4187><154.3574><-11~741~527~728~676~-12~-343~-9.999985~0.5326087~1~0~RustB2~0.0326087~1~0.0326087~1~0.0326087~1~0.0326087~1, CustomDecal><128.6301><-16.84811><5~517~1072~390~885~-101~-319.9999~113~0.5978261~0.7391304~0~Long Tag~0.1195652~0.326087~0.1195652~0.326087~0.1195652~0.326087~0.1195652~0.326087, CustomDecal><326.8824><352.8999><-52~341~357~370~360~29~-426~-232~0.5217391~1~0~hoko can~0~0.173913~0.1847826~0.2717391~0~0.173913~0.1847826~0.173913, InsectGroup><468.8837><84.41266><161~55~76~-97~RockFlea~0.5, CustomDecal><517.2906><49.05417><-77~546~363~570~357~-42~-697.0001~140~0.6413044~1~0~medusa~0.2065217~0.2282609~0.2065217~0.2282609~0.2065217~0.2282609~0.2065217~0.2282609, CustomDecal><863.8394><361.8806><-7~249~138~230~133~-11~-1051~-157~0~1~0~ScavMark Stonehead2~0~0.173913~0.08695652~0.173913~0~0.173913~0.08695652~0.173913, NoSpearStickZone><977.9117><489.3678><-299~82, 
AmbientSounds: OMNI><AM_ENV-WinterTrees.ogg><830.2435><653.4499><0.3913043><1, OMNI><AM_ENV-LightWind.ogg><651.8005><656.4855><0.2934783><0.9217392, SPOT><AM_ENV-CricketsWnd.ogg><831.8198><532.1631><0.5><1><985.8199><714.1632><-225.3553><-59.35535><0><0.8173915, SPOT><SO_IND-HVAC.ogg><830.0652><413.4236><0.2934783><1><-176.9348><567.4236><-143.3553><-178.3553><0><0.5130436, SPOT><SO_IND-Boiler.ogg><645.9326><534.4383><0.3152174><0.823913><4.932678><57.43829><-42.35535><-158.3553><0><0.4152175, 
FadePalette: 35, 0.75
MorePalette0: 375, 1
MorePalette1: 10, 0.5
