RainIntensity: 0.2065217
RumbleIntensity: 0.2065217
Clouds: 0.1304348
Effects: FireFlies-0.2608696-27-134, 
PlacedObjects: SuperStructureFuses><469.3578><78.63783><185~67, 
FadePalette: 33, 0.7282609
MorePalette0: 10, 0.8989895
