Template: NONE
DangerType: Thunder
CeilingDrips: 0
Clouds: 1
Grime: 0
Palette: 9
EffectColorA: 0
EffectColorB: 21
Effects: Fog-0.5026607-29.96042-123.8729, Lightning-0.5026607-29.96042-61.26457, GreenSparks-0.4813946-291.7771-123.1615, ElectricDeath-0.4026068-292.4886-59.84166, ReplaceEffectColorB-0-265-254-Color-0.2608696-0-0, 
PlacedObjects: LightFixture><1713.413><359.2029><HolyFire~-207.5005~-73.3197~3, CustomDecal><1597.468><280.9484><-8.537476~178.7344~229.2479~178.023~212.1729~-7.82605~-501.5781~-195.6511~0.2706634~1~1~ScavMark BigSun~1~0.8762681~1~0.8762681~1~0.8762681~1~0.8762681, PlacedPearlChain><1658.52><372.654><170.7499~-300.9469~2~3~2~2~2, MultiplayerItem><1629.129><373.7456><ExplosiveSpear~-119.279~-157.9832~1, KarmaFlower><1703.055><400.6277><-457.4689~133.7541~5~7, CustomDecal><1570.878><503.45><-38.41876~-0.5531006~-37.54895~42.13437~-4.110413~36.28439~-325.1365~-284.5833~0.1933302~1~0~ScavMark Arrow~0.314402~1~0.314402~1~0.314402~1~0.314402~1, LightSource><787.3652><569.9296><0.2730854~EffectColor1~0~100~-142.0937~-209.3645~1~0~None~0~0, LightSource><934.3596><613.3801><0.4045437~EffectColor1~0~100~-288.6542~-339.561~1~0~None~0~0, ReliableSpear><1793.301><358.4335><, ReliableSpear><1481.536><121.1391><, ReliableSpear><1460.315><122.6432><, 
AmbientSounds: OMNI><AM_ENV-NatWind.ogg><86.15071><526.9799><0.5><1, OMNI><AM_WIN-StrongWnd2.ogg><86.22485><449.7351><0.5><1, OMNI><AM_WIN-HowlingWnd.ogg><86.93358><372.2931><0.5><1, SPOT><SO_NAT-Stove.ogg><743.9934><219.0198><0.5><1><1713.976><367.2685><-35.35534><-35.35534><0><0.1, SPOT><SO_SFX-GlassGhost.ogg><384.5854><306.8023><0.3066695><1><1712.433><398.8451><-7.608459><-11.1658><0><1, 
FadePalette: 10, 0.6959917, 0.695992
MorePalette0: 10, 0.9627885, 0.9685888
MorePalette1: 33, 0.05219899, 0.05799932
