Template: NONE
DangerType: Thunder
CeilingDrips: 0
RainIntensity: 0.1029438
RumbleIntensity: 0.1005322
Clouds: 1
Grime: 0
Palette: 17
EffectColorA: 10
EffectColorB: 16
Effects: ZeroG-1-12.31627-94.27625, SSSwarmers-0.1020786-20-20, ElectricDeath-0.2598373-271.6113-94.03124, ZeroGSpecks-0.5026603-542.25-17.19375, 
PlacedObjects: SuperStructureFuses><778.4865><1513.829><57.92877~96.34753, SuperStructureFuses><151.7314><964.5931><35.73126~98.05501, SuperStructureFuses><352.1365><229.1921><216.7263~68.17374, ColouredLightSource><457.8267><266.6278><100~50~FF0000~4.268738^340.7925~0.5174461~False~0.5~0.9257607~0.2772827~Always~0~100, ColouredLightSource><165.8206><1015.391><-372.9775~192.5764~FF0000~-163.0663^-45.10251~0.5267254~False~0.5~1~0.342242~Always~0~100, ColouredLightSource><802.3823><1549.371><-688.0112~-117.335~FF0000~-228.8049^12.95245~0.5360054~False~0.5~1~0.332962~Always~0~100, LightSource><511.1013><2295.201><1~Environment~0~100~-352.1162~-3.041199~1~0~None~0~0, WallMycelia><674.7748><1236.349><11.95239~85.48621, LightSource><674.2429><1222.675><0.4060868~EffectColor1~1.707458~186.2288~-18.30005~-160.1313~0~0~None~0~0, WallMycelia><211.4419><2138.468><0~100, LightSource><222.8204><2134.492><0.4060868~EffectColor1~37.565~160.6162~-326.5038~-92.68494~0~0~None~0~0, WallMycelia><605.515><1979.967><17.92871~108.5375, LightSource><593.211><1979.607><0.4060864~EffectColor1~17.92877~171.715~-229.1763~-104.6375~0~0~None~0~0, WallMycelia><229.4276><1233.311><0~100, LightSource><239.5945><1231.121><0.3968068~EffectColor1~19.63623~190.4975~-176.2438~126.4442~0~0~None~0~0, SuperStructureFuses><776.4547><1984.9><43.41504~225.2638, ColouredLightSource><792.0251><2097.634><-22.08618~-241.9825~FF0000~181.8487^-96.32755~0.5360054~False~0.5~1~0.3422414~Always~0~100, DeepProcessing><174.2134><2054.328><2.561279~123.6675~47.68375~119.3987~40~0~-73.42249~-144.2837~0~1~0.01744577, DeepProcessing><178.3048><1179.494><-19.6362~114.2762~41.70749~117.6912~37.43872~3.415009~-110.5606~-100.7426~0~0.1555302~0.01744478, DeepProcessing><605.2366><1170.38><2.561218~49.39127~162.0863~49.39127~158.6713~1.707458~-267.2238~-51.22499~0~1~0.01744544, LightSource><156.0948><270.3412><0.4045404~Environment~0~100~50~86.60254~1~0~None~0~0, DeepProcessing><464.9606><626.6714><-2.134399~72.72705~93.35938~72.72705~94.07086~-2.845825~-433.2781~49.80209~0.6805254~1~0.5, DeepProcessing><462.4507><945.3093><-1.422852~81.26459~98.3396~81.26459~98.3396~0~-182.1334~49.8021~0.6727918~1~0.5, DeepProcessing><464.5795><1281.333><-2.134399~81.97601~91.93652~81.26459~96.2052~-0.7114563~-161.501~-71.14587~0.6727912~1~0.5, LightSource><471.0627><150.2514><0.05461054~EffectColor2~528.2579~544.2667~50~86.60254~1~0~None~0~0, LightSource><1152.138><1756.628><0.06620988~EffectColor2~-1335.585~627.4667~-296.8361~-45.13078~1~0~None~0~0, LightSource><-90.6209><1002.941><0.05461104~EffectColor2~626.4391~435.4667~-98.87267~64.20255~1~0~None~0~0, 
AmbientSounds: OMNI><AM_IND-SuperStructure.ogg><67.26892><493.037><0.4072007><1, OMNI><SO_SFX-DataTrans.ogg><61.61696><406.4128><0.3051227><0.5155889, SPOT><SO_SFX-Celia.ogg><422.5452><-99.48707><0.5><1><257.2526><1233.06><-35.35534><-35.35534><0><0.1, SPOT><SO_SFX-Celia.ogg><775.6174><-102.0809><0.5><1><677.9133><1231.889><-35.35534><-35.35534><0><0.1, SPOT><SO_SFX-Celia.ogg><716.0412><175.3398><0.5><1><558.5745><1960.209><-35.35534><-35.35534><0><0.1, SPOT><SO_SFX-Celia.ogg><304.9076><322.9841><0.5><1><237.7962><2129.197><-35.35534><-35.35534><0><0.1, 
FadePalette: 18, 0.05413254, 0.05413271, 0.05413271
WetTerrain: OFF
