Template: NONE
CeilingDrips: 0
RainIntensity: 1
RumbleIntensity: 1
Clouds: 0.2551976
Grime: 0.2010641
Palette: 29
EffectColorA: 0
Effects: AboveCloudsView-1-20-20, Fog-0.409862-27.15414-102.5687, RockFlea-0.05413288-291.1052-101.1458, Flies-0.05413288-286.8365-28.57708, 
PlacedObjects: CustomDecal><450.9948><266.947><14.94067~83.39896~155.9677~59.20938~123.2405~-16.36354~-394.148~28.45831~0~1~0~WhiteJunk2~0.1520041~1~0.1520041~1~0.1520041~1~0.1520041~1, CustomDecal><256.7623><2652.573><-72.56879~118.9719~110.4344~204.3469~179.4459~71.85733~-291.6979~-25.61249~0~1~0~LilOwl~0.9072013~0.7216034~0.9072013~0.7216034~0.9072013~0.7216034~0.9072013~0.7216034, LightSource><570.1154><713.2908><0.3040082~EffectColor1~-4.268799~120.8~50~86.60254~1~0~None~0~0, LightSource><629.4728><506.4026><0.3098078~EffectColor1~0~46.13333~238.3585~199.1359~1~0~None~0~0, LightSource><375.7152><503.5605><0.2112088~EffectColor1~1.067139~79.20001~50~86.60254~1~0~None~0~0, ColouredLightSource><307.3923><2782.023><100~50~FF0028~408.1992^126.3333~0.3098085~False~0.5~0~0.5~Always~0~100, LightSource><422.4942><1409.292><0.2170092~White~303.6149~122.9333~50~86.60254~1~0~None~0~0, LightSource><190.1282><512.7871><0.3040082~White~4.802338~143.7333~50~86.60254~1~0~None~0~0, LightSource><187.1928><1691.067><0.3040082~White~0~100~-74.86093~-215.2641~1~0~None~0~0, LightSource><356.8168><2432.718><0.2054092~White~-115.7898~-129.8666~-31.10626~-291.5308~1~0~None~0~0, LightSource><227.0179><1001.722><0.304008~EffectColor1~0~100~-363.5352~51.40254~1~0~None~0~0, LightSource><287.577><1125.077><0.3040082~EffectColor1~0~100~-380.6102~79.66922~1~0~None~0~0, 
AmbientSounds: OMNI><AM_ENV-NatWind.ogg><83.73248><424.0024><0.4072007><1, OMNI><AM_ENV-LightWind.ogg><83.7688><495.4799><0.4072008><1, OMNI><AM_ENV-WallHum.ogg><82.68573><348.5633><0.4072013><1, SPOT><AM_IND-DeepHum.ogg><403.1921><379.5559><0.4072013><1><310.4665><2744.489><-230.2949><-110.7699><0><0.2546652, SPOT><AM_ENV-WallHum.ogg><396.9838><493.3891><0.3530685><1><461.4921><3119.428><-115.7501><-58.83344><0><0.3474638, SPOT><AM_IND-ElectricHum01.ogg><402.864><150.4714><0.3066685><1><285.239><1128.776><-35.35534><-35.35534><0><0.154133, SPOT><AM_IND-ElectricHum02.ogg><402.1428><264.5649><0.3066687><1><234.0043><1013.068><-35.35534><-35.35534><0><0.1541327, SPOT><AM_IND-ElectricHum03.ogg><577.5125><151.61><0.3453349><1><631.349><511.6486><-35.35534><-35.35534><0><0.1618659, SPOT><AM_IND-ElectricHum01.ogg><794.3073><565.4501><0.3530685><1><572.0979><709.9169><-35.35534><-35.35534><0><0.154133, SPOT><AM_IND-ElectricHum02.ogg><801.2398><366.5253><0.3066698><1><374.8419><508.8578><-35.35534><-35.35534><0><0.1618666, SPOT><SO_IND-HeatDuct.ogg><733.8246><473.4951><0.4072007><1><682.3652><2628.547><-44.60425><-14.72307><0><0.1927994, SPOT><SO_IND-HeatDuct.ogg><602.2098><307.6472><0.4072007><1><182.9266><1137.257><-36.06683><-52.43036><0><0.177333, 
FadePalette: 6, 0.3015964, 0.3557291, 0.4098617, 0.4562615
WetTerrain: OFF
MorePalette0: 33, 0.9337888, 0.9337894, 0.9337888, 0.9395891
MorePalette1: 10, 0.6089929, 0.6553922, 0.6553928, 0.7017922
BackgroundType: testblackabovegr
