Template: NONE
Grime: 0.06693832
Palette: 6
EffectColorA: 0
PlacedObjects: LightSource><588.5967><258.9037><0.2054098~EffectColor1~-1.60083~122.4~50~86.60254~1~0~None~0~0, LightSource><822.0837><277.9052><0.2015434~EffectColor1~-1.60083~143.2~50~86.60254~1~0~None~0~0, LightSource><1335.681><261.6137><0.2054092~EffectColor1~-3.735168~151.7333~-227.4688~-36.47974~1~0~None~0~0, LightSource><1855.776><278.5005><0.2054085~EffectColor1~-3.735107~96.80005~50~86.60254~1~0~None~0~0, LightSource><2148.626><259.8045><0.2054085~EffectColor1~-3.735138~109.6~-335.6105~-169.5225~1~0~None~0~0, LightSource><2605.317><276.8628><0.2054092~EffectColor1~-2.134338~125.6~50~86.60254~1~0~None~0~0, LightSource><3337.943><259.0288><0.2054092~EffectColor1~-10.67184~104.8~-211.1052~275.8504~1~0~None~0~0, LightSource><3510.304><275.937><0.2054092~EffectColor1~4.268738~98.39996~50.71149~216.0879~1~0~None~0~0, LightSource><4226.132><252.3686><0.2054092~EffectColor1~-1.6008~128.2667~52.66797~106.3359~1~0~None~0~0, LightSource><4455.634><279.597><0.2054092~EffectColor1~1.067139~92.53333~74.01172~128.2026~1~0~None~0~0, LightSource><4363.791><267.4201><0.04881088~EffectColor1~669.66~369.8666~-328.8515~216.7359~1~0~None~0~0, LightSource><3429.147><268.6517><0.03721154~EffectColor1~-499.4437~404.5333~50~86.60254~1~0~None~0~0, LightSource><2016.276><268.0601><0.03721121~EffectColor1~717.15~415.7333~50~86.60254~1~0~None~0~0, LightSource><625.2105><284.2174><0.0372109~EffectColor1~-636.5774~408.2667~-95.67114~211.4026~1~0~None~0~0, LightSource><1450.771><261.7432><0.03721154~EffectColor1~393.7922~463.2~50~86.60254~1~0~None~0~0, LightSource><2368.66><259.747><0.03721154~EffectColor1~505.3134~390.6667~-11.36328~96.20255~1~0~None~0~0, LightSource><2842.146><271.6705><0.01981055~EffectColor1~2933.699~464.2666~52.66797~221.0026~1~0~None~0~0, 
AmbientSounds: OMNI><AM_ENV-NatWind.ogg><97.80066><542.0801><0.2448027><1, OMNI><AM_ENV-WallHum.ogg><96.65533><465.6165><0.4072012><1, OMNI><AM_RAIN-QuietThunder.ogg><95.82745><390.0213><0.2061365><1, SPOT><AM_WIN-HowlingWnd.ogg><97.31006><276.515><0.4072012><1><288.458><248.7047><-35.35534><-35.35534><0><0.2933317, 
FadePalette: 17, 0.8583902, 0.7887903, 0.7191917, 0.6573259, 0.5954598
MorePalette0: 33, 0.5045942, 0.5045942, 0.5045942, 0.5045942, 0.5045942
MorePalette1: 10, 0.9047891, 0.9047898, 0.9047898, 0.9047891, 0.9047891
