Template: NONE
CeilingDrips: 0.1630435
RainIntensity: 0
RumbleIntensity: 0.02173913
Clouds: 0
Grime: 0.1086956
Palette: 33
EffectColorA: 0
EffectColorB: 9
Effects: Fog-0.2523213-2-49, AboveCloudsView-1-5-100, RockFlea-0.04639966-270.4333-100.3156, Flies-0.04639966-264.7417-38.49792, 
PlacedObjects: DangleFruit><982.8315><3062.933><0~0~2~3, DangleFruit><951.672><3017.934><0~0~2~3, DangleFruit><1019.574><3021.844><0~0~2~3, DangleFruit><713.64><581.5944><-160.7896~-236.2042~2~3, DangleFruit><756.203><600.1056><-340.7885~-200.6312~2~3, CustomDecal><545.4484><3450.974><-17~209~560~211~539~-10~-378~-236~0.326087~1~0~PurpleAndWhiteBubbly~0.1956522~0.2826087~0.08695652~0.2826087~0.05434782~0.2826087~0.2608696~0.2826087, CustomDecal><281.9049><2423.624><-113~357~325~434~299~-34~-421~41~0.3152174~0.5978261~0~BlackRust1~0.5~1~0.5~1~0.5~1~0.5~1, CustomDecal><634.3372><2430.884><8~108~161~97~158~-79~-571~-174~0.2717391~1~0~AntMan~0.1086956~0.4673913~0.1086956~0.4673913~0.1086956~0.4673913~0.1086956~0.4673913, CustomDecal><553.3409><1614.129><-13~193~428~210~421~-12~-496~82~0.3043478~1~0~BigGreen~0.1304348~0.9456522~0.1304348~0.9456522~0.1304348~0.9456522~0.1304348~0.9456522, CustomDecal><403.0693><1603.915><-5~117~133~126~132~-19~-2~170~0.3152174~1~0~BlackCloud~0.4565217~0.3695652~0.4565217~0.3695652~0.4565217~0.3695652~0.4565217~0.3695652, CustomDecal><631.8085><242.6926><-7~141~254~179~286~-43~-440~28~0.2826087~1~0~WhiteTag7~0.25~0.2282609~0.25~0.2282609~0.25~0.2282609~0.25~0.2282609, LightSource><504.8867><1854.574><0.3098085~EffectColor1~-2.667969~122.4~50~86.60254~1~0~None~0~0, LightSource><335.322><1708.316><0.3040082~EffectColor1~-13.87344~117.0667~-214.6625~120.2025~1~0~None~0~0, LightSource><646.4822><3471.649><0.3040082~EffectColor1~0~100~50~86.60254~1~0~None~0~0, LightSource><829.6315><3495.479><0.3098078~EffectColor1~0~100~50~86.60254~1~0~None~0~0, LightSource><224.1791><5126.322><0.3098082~EffectColor1~0~100~-236.5398~-244.0641~1~0~None~0~0, LightSource><427.278><5174.511><0.3040082~EffectColor1~0~100~-135.6906~-247.2641~1~0~None~0~0, 
AmbientSounds: OMNI><AM_ENV-NatWind.ogg><81.07484><440.2971><0.4072013><1, OMNI><AM_ENV-LightWind.ogg><79.64458><523.1267><0.4072007><1, SPOT><AM_IND-ElectricHum02.ogg><368.4209><527.513><0.3530685><1><234.1439><5132.329><-35.35534><-35.35534><0><0.1463988, SPOT><AM_IND-ElectricHum01.ogg><708.5844><529.5792><0.3530691><1><432.0156><5172.813><-35.35534><-35.35534><0><0.1386666, SPOT><AM_IND-ElectricHum03.ogg><544.4525><529.6964><0.3530685><1><773.7307><5069.058><-35.35534><-35.35534><0><0.1541327, SPOT><AM_IND-ElectricHum01.ogg><881.6241><530.5829><0.3530691><1><658.2606><3479.468><-35.35534><-35.35534><0><0.1618666, SPOT><AM_IND-ElectricHum02.ogg><1055.922><533.0129><0.3530685><1><825.4441><3491.859><-35.35534><-35.35534><0><0.1618652, SPOT><AM_IND-ElectricHum03.ogg><736.7864><390.7371><0.4072013><1><502.328><1864.021><-35.35534><-35.35534><0><0.1, SPOT><AM_IND-ElectricHum01.ogg><744.8602><211.964><0.3917349><1><343.2092><1717.975><-35.35534><-35.35534><0><0.1, SPOT><SO_IND-HeatDuct.ogg><745.7582><382.8404><0.5><1><155.4236><1684.075><-35.35534><-35.35534><0><0.1618659, 
FadePalette: 367, 0.2658769, 0.2977811, 0.284004, 0.2566986, 0.2818302, 0.2893212, 0.2692612, 0.2489637
WetTerrain: OFF
MorePalette0: 10, 0.7075912, 0.7075912, 0.7017915, 0.7075912, 0.7017915, 0.7017915, 0.7017915, 0.7017915
BackgroundType: PB_AtC
