Template: NONE
CeilingDrips: 0
Clouds: 1
Grime: 0
Palette: 9
Effects: 
PlacedObjects: 
AmbientSounds: OMNI><AM_ENV-LushNight.ogg><100.4173><516.6487><0.4072007><1, OMNI><SO_WAT-OpenFlow.ogg><100.9784><442.8096><0.3066685><1, OMNI><AM_SUB-BlankState.ogg><100.028><371.1748><0.3066685><1, OMNI><AM_RAIN-MehThunder.ogg><100.1592><298.2818><0.3530678><1, 
FadePalette: 10, 0.8506566
MorePalette0: 10, 0.9163891
