Template: hi_settingstemplate_inside
DangerType: Flood
RandomItemDensity: 0.75
RandomItemSpearChance: 1
EffectColorA: 2
EffectColorB: 6
PlacedObjects: ScavengerTreasury><488.766><246.4493><-9~204, LanternOnStick><190.5652><354.6736><19~-138, LanternOnStick><181.0568><319.4482><16~-78, LanternOnStick><754.626><357.8447><40~-70, LightSource><542.5969><235.8251><0.3695652~Environment~-75~344~188~-200.3975~1~0~None~0~0, DataPearl><580.9332><222.5801><-710~239~0~0~Misc~0, DataPearl><630.9475><226.5313><-757~111~0~0~Misc~0, DataPearl><435.0594><225.6894><-571~-13~0~0~Misc~0, DataPearl><748.0604><231.6864><-894~-152~0~0~Misc~0, DataPearl><716.3306><245.5669><-468~-200~0~0~Misc~0, CustomDecal><73.19647><310.9626><-16~145~780~127~742~6~43~-343~0.3152174~0.5543478~0~Scav Wedges~0.1086956~0.3804348~0.2173913~0.3804348~0.1413043~0.3804348~0.07608695~0.3804348, CustomDecal><265.819><215.9377><-5~61~86~67~97~7~-274~-178~0.173913~0.6195652~0~ScavMark~0.2717391~0.4130435~0.2717391~0.4130435~0.0326087~0.4130435~0~0.4130435, CustomDecal><795.8361><417.1146><12~175~-627~132~-631~-1~-519~-436~0~0.326087~0~Scav Wedges~0~0.5108696~0~0.5108696~0.2391304~0.5108696~0.3478261~0.5108696, CustomDecal><554.9489><208.0217><-5~80~178~86~187~11~-269~-230~0.1956522~0.4565217~0~ScavMark WingedOrb~0.1956522~0.3804348~0.2282609~0.3804348~0.1847826~0.3804348~0.25~0.3804348, CustomDecal><187.4922><246.6999><14~119~520~104~522~-31~-172~-296~0.6521739~1~0~ScavMark HI_A27~0~0.2391304~0~0.2391304~0.3695652~0.2391304~0.1956522~0.2391304, CustomDecal><142.0631><326.8102><-11~90~107~83~104~-1~-307~-527~0.3152174~1~0~ScavMark Arrow~1~0.08695652~1~0.08695652~1~0.08695652~1~0.08695652, CustomDecal><366.1722><198.8983><6~80~92~78~85~1~-294~93~0~0.4347826~0~ScavMark Cross~0.173913~0.5978261~0.25~0.5978261~0.3152174~0.5978261~0.2173913~0.5978261, CustomDecal><820.9556><256.195><2~130~74~122~75~1~-382~-294~0~0.07608695~0~ScavMark UpSign~0.3695652~0.423913~0.4130435~0~0~0.2173913~0.2391304~0.2173913, 
AmbientSounds: SPOT><Basic Mech.wav><160.1087><181.1679><0.2065217><0.8434783><96.1087><307.1679><-85.35535><-42.35535><0><0.1978261, 
FadePalette: 20, 0.5217391
MorePalette0: 10, 1
