Template: NONE
Clouds: 0.423913
BkgDroneVolume: 0.2469565
Palette: 5
PlacedObjects: CustomDecal><515.0096><187.3002><-28~254~361~257~410~-14~-329~-40~0.6304348~0.7173913~0.2282609~GreenRounded(hue inv)~0.06521739~0~0.173913~0~0.2826087~0~0.1847826~0.9021739, CustomDecal><848.8516><235.9223><-22~184~190~242~155~-17~-476~-142~0.3043478~0.3586957~0~Big Tag~0.1630435~0.2065217~0.3804348~0.04347826~0.2826087~0.75~0.326087~0.4021739, CustomDecal><70.74182><391.5502><-47~111~718~125~681~-67~106~-357~0.6956522~0.75~0~StickEyes~0.1304348~0~0.1413043~0.2608696~0.08695652~0.7282609~0.01086957~0.2608696, Corruption><269.4449><596.3973><112~112, Corruption><500.6171><561.5959><8~110, Corruption><830.5012><453.6527><11~100, 
AmbientSounds: SPOT><SO_IND-Fridge.ogg><749.0326><366.4473><0.2065217><1><805.0326><185.4473><-111.3553><-91.35535><0><0.3391306, OMNI><AM_IND-Warehouse02.ogg><758.7287><630.1989><0.4021739><0.823913, OMNI><SO_WAT-LilDrips.ogg><566.1837><631.6887><0.2826087><1, 
FadePalette: 20, 0.3369565
RoomSpecificScriptActive: ON
MorePalette0: 10, 1
MorePalette1: 5, 0.07608695
