Clouds: 0.04347826
Grime: 0.2826087
PlacedObjects: LightSource><388.1057><364.6383><0.7608696~EffectColor1~77~23~50~86.60254~0~0~None~0~0, LightSource><772><364><0.4891304~EffectColor1~98~41~50~86.60254~0~0~None~0~0, CustomDecal><49.56104><382.4344><-3~203~512~261~514~-17~-238~-95~0~1~0~rust1~0~1~0~1~0~1~0~1, CustomDecal><97><168><-4~276~368~279~358~14~-268~-52~0~1~0~rust1~0~1~0~1~0~1~0~1, CustomDecal><485><208><1~372~380~336~395~1~-268~-52~0~1~0~rust3~0~1~0~1~0~1~0~1, InsectGroup><682.6968><271.7142><-2~49~0~0~RedSwarmer~0.1413043, DeadTokenStalk><307.5746><269.404><-20~-59, DeadTokenStalk><273.5071><314.0501><-37~-53, LightSource><385.4563><370.9333><0.09473519~EffectColor1~271.9516~57.53333~50~86.60254~0~0~None~0~0, LightSource><772.3117><365.6><0.09473519~EffectColor1~271.9516~57.53333~50~86.60254~0~0~None~0~0, 
MorePalette0: 421, 1
MorePalette1: 10, 0.7075918
