DangerType: FloodAndRain
Grime: 0.3586957
Palette: 311
EffectColorA: 8
EffectColorB: 18
Effects: Flies-0.1956522-20-20, RedSwarmer-0.2282609-30-30, RockFlea-0.2173913-40-40, WaterGlowworm-0.5-50-50, WaterDepth-0-55-112, 
PlacedObjects: WaterNut><335.9477><249.2804><-15~398~2~3, WaterNut><304.7792><264.0521><0~387~2~3, ReliableSpear><824.2687><230.3009><, LightSource><721.7828><429.1973><0.04347826~Environment~-552~4~-270~-155.3975~1~1~None~0~0, CustomDecal><98.6297><269.5977><3~74~63~58~54~-17~-305~75~0.2826087~1~0~ghostling2~0.07608695~0.1956522~0.07608695~0.1956522~0.07608695~0.1956522~0.07608695~0.1956522, CustomDecal><353.6677><193.4323><-123~151~391~267~408~62~-569~-166~0.6413044~1~0~greenpink~0.1304348~0.1413043~0.1304348~0.1413043~0.1304348~0.1413043~0.1304348~0.1413043, CustomDecal><563.5616><287.8098><-12~95~50~97~40~0~-694~110~0.3152174~1~0~whitetag~0.08695652~0.3913043~0.08695652~0.3913043~0.08695652~0.3913043~0.08695652~0.3913043, CustomDecal><455.4089><146.3219><-5~765~490~764~479~0~-666~-114~0.1413043~1~0~rustb3~0.2282609~1~0.2282609~1~0.2282609~1~0.2282609~1, LightSource><311.9933><290.8001><0.1630435~EffectColor1~-2~84~50~86.60254~0~0~None~0~0, LightSource><472><331><0.09782609~EffectColor1~2~53~50~86.60254~0~0~None~0~0, 
FadePalette: 3, 0.08695652
MorePalette0: 422, 1
