Grime: 0.2717391
Palette: 311
EffectColorB: 18
Effects: LightBurn-0.4130435-20-20, 
PlacedObjects: CustomDecal><178.6287><209.5969><-22~340~734~378~663~-42~-321.7667~157.6~0~1~0~greybones~0.1304348~1~0.1304348~1~0.05434782~1~0.05434782~1, LightSource><498.3474><378.6292><0.04347826~Environment~-469~207~50~86.60254~1~1~None~0~0, 
AmbientSounds: SPOT><AM_IND-Midsex02.ogg><713.9363><564.9272><0.3913043><0.9021739><531.9363><325.9272><-41.35535><-38.35535><0><0.1869567, 
MorePalette0: 422, 0.9347826
MorePalette1: 10, 0.3804348
