Grime: 0.2065217
EffectColorA: 3
PlacedObjects: LightSource><353.4294><344.0629><0.2282609~EffectColor1~-12~50~0~-439.3975~1~0~None~0~0, LightSource><449.9346><340.673><0.2173913~EffectColor1~-15~45~-357~-459.3975~1~0~None~0~0, LightSource><383.0828><349.182><0.2173913~EffectColor1~22~44~-36~-464.3975~1~0~None~0~0, LightSource><1299.551><549.7286><0.2934783~EffectColor1~25~39~562~-183.3975~1~0~None~0~0, LightSource><1254.947><564.7872><0.326087~EffectColor1~16~48~596~-90.39746~1~0~None~0~0, LightSource><1201.694><546.9421><0.3369565~EffectColor1~2~50~639~32.60254~1~0~None~0~0, CustomDecal><1007.556><31.80811><7~189~570~192~574~-7~-8~336~0~1~0~blackrust1~0.4673913~1~0.4673913~1~0.6195652~1~0.4673913~1, CustomDecal><98.19922><-1.232819><-21~660~1005~696~1046~-12~-145~352~0~1~0~greybones~0.07608695~1~0.1630435~1~0.1195652~1~0.06521739~1, CustomDecal><977.1021><-16.88452><-52~706~738~705~1051~24~34~272~0~1~0~greybones~0.08695652~1~0.08695652~1~0.08695652~1~0.1304348~1, LightSource><561.1273><328.4043><0.06521739~Environment~-452~165~44~226.6025~1~1~None~0~0, LightSource><1090.809><388.192><0.05434782~Environment~384~151~-107~43.60251~1~1~None~0~0, CustomDecal><271.4174><385.1821><3~280~412~316~420~-14~-319~-14~0~1~0~rust1~0~1~0~1~0~1~0~1, CustomDecal><919.3951><247.0797><-22~406~239~434~227~-6~87~87~0~1~0~rust2~0~1~0~1~0~1~0~1, CustomDecal><458.3934><-56.91925><0~398~293~401~262~-28~-498~375~0~1~0~rustb1~0~1~0~1~0~1~0~1, CustomDecal><1293.868><219.3496><-12~372~337~392~331~-3~-287~95~0~1~0~rust1~0~1~0~1~0~1~0~1, CustomDecal><947.1736><22.40057><-6~202~596~195~614~-7~65~267~0~1~0~rust3~0~1~0~1~0~1~0~1, CustomDecal><573.8147><-17.67482><-8~530~546~516~553~4~-352~363~0~1~0~rust1~0.06521739~1~0.06521739~1~0.06521739~1~0.06521739~1, CustomDecal><41.56067><113.3094><-18~538~366~530~385~1~-215~86.00002~0~1~0~rustb1~0.09782609~1~0.09782609~1~0.09782609~1~0.09782609~1, InsectGroup><809.5192><295.0509><-156~71~0~0~Moth~0.2282609, 
MorePalette0: 422, 1, 1
