Clouds: 0.2065217
Grime: 0.1521739
Palette: 311
EffectColorA: 16
EffectColorB: 18
Effects: WaterDepth-0-20-20, LightBurn-0.4565217-30-30, 
PlacedObjects: LightSource><226.7768><392.0518><0.08695652~Environment~-236~75~-387~109.6025~0~1~None~0~0, LightSource><692.5771><351.3507><0.06521739~Environment~34~276~50~86.60254~0~1~None~0~0, LightSource><457.8242><615.4357><0.08695652~Environment~385~-95~-270~-131.3975~0~1~None~0~0, CustomDecal><101.9705><269.9478><-5~161~154~167~149~9~-283~-164~0.2826087~1~0~mutantrabbit~0.04347826~0.1630435~0.1521739~0.1630435~0.04347826~0.1630435~0.1521739~0.1630435, CustomDecal><176.9316><271.8338><26~137~168~92~124~-35~-354~-84~0.2391304~1~0~littledoll~0~0.1413043~0.173913~0.1413043~0.04347826~0.1413043~0.173913~0.1413043, CustomDecal><759.6764><250.186><-10~137~131~157~145~9~-844~-106~0.3152174~1~0~shinytag~0~0.2391304~0~0.2391304~0~0.2391304~0~0.2391304, CustomDecal><711.5505><235.515><0~119~117~126~150~0~-789~-158~0.3695652~1~0~junkgraffiti6~1~0~1~0~1~0~1~0, CustomDecal><587.5601><258.4407><-9~205~164~230~167~-2~-544.0001~69~0.3152174~1~0~boxheads~0.2065217~0.4565217~0.2065217~0.4565217~0.2065217~0.4565217~0.2065217~0.4565217, CustomDecal><677.4487><346.5231><-27~172~115~186~116~-3~-672.9999~-66~0.2934783~1~0~goblin~0.2282609~0.2717391~0.2282609~0.2717391~0.2282609~0.2717391~0.2282609~0.2717391, 
AmbientSounds: OMNI><SO_NAT-LilDrips.ogg><726.6682><249.8918><0.2282609><0.8630434, 
MorePalette0: 422, 1
