DangerType: Flood
Clouds: 0.1847826
Grime: 0.25
Palette: 311
EffectColorB: 18
Effects: Flies-0.1956522-20-20, RedSwarmer-0.2065217-30-30, RockFlea-0.1847826-40-40, Desaturation-0.5543478-266-97, 
PlacedObjects: LightSource><549.5024><332.2><0.05434782~Environment~-260~231~-296.1677~-168.7086~1~1~None~0~0, CustomDecal><371.1335><288.8511><4~88~132~67~114~-23~-515~-26~0.3152174~1~0~blueface~0.1413043~0.2173913~0.1413043~0.2173913~0.1413043~0.2173913~0.1413043~0.2173913, CustomDecal><711.0403><292.8096><1.422913~60.62222~138.1813~34.3111~111.8572~-29.15555~-852.3271~-29.15546~0.3093302~1~0~whitetagdecent~0.1195652~0.4330617~0.1195652~0.4330617~0.1195652~0.4330617~0.1195652~0.4330617, CustomDecal><251.9172><384.1018><-7.114594~125.3334~109.7229~111.1111~71.30417~-22.04446~-408.3771~-485.6889~0.3247961~1~0~whitetag2~0.1847826~0.2319973~0.1847826~0.2319973~0.1847826~0.2319973~0.1847826~0.2319973, 
MorePalette0: 422, 0.9130435
