RumbleIntensity: 0.5
Effects: LightBurn-0.4347826-20-20, 
PlacedObjects: LightSource><631.9902><188.9498><0.2826087~EffectColor1~0~52~-754~247.6025~0~0~None~0~0, LightSource><408.1853><190.8252><0.3152174~EffectColor1~-1~55~-538~270.6025~0~0~None~0~0, LightSource><710.8318><368.6418><0.2717391~EffectColor1~3~60~-839~144.6026~0~0~None~0~0, LightSource><711.9088><546.928><0.2608696~EffectColor1~-4~54~-838~-60.39746~0~0~None~0~0, LightSource><311.1983><543.7241><0.3152174~EffectColor1~-2~54~-429~-3.397461~0~0~None~0~0, CustomDecal><120.2177><82.19736><-47~600~837~636~797~5~-254~158~0~1~0~greybones~0.09782609~1~0.1086956~1~0.1413043~1~0.1086956~1, CustomDecal><447.4313><243.0845><0~285~258~278~244~-2~-307~120~0~1~0~rust1~0~1~0~1~0~1~0~1, CustomDecal><174.0636><78.43961><7~300~206~301~197~-8~230~145~0~1~0~rustb1~0~1~0~1~0~1~0~1, LightSource><515><405><0.0326087~EffectColor1~-456~183~-121~67.60254~0~0~None~0~0, LightSource><602.1573><414.5728><0.03260872~Environment~-537~-40~50~86.60254~1~1~None~0~0, 
MorePalette0: 421, 1
MorePalette1: 10, 0.8043478
