PlacedObjects: ScavengerTreasury><419.5637><170.5727><143~118, LanternOnStick><299.2566><231.1999><-12~-58, LanternOnStick><542.2642><194.6995><18~-53, CustomDecal><187.1141><106.3531><-9~85~509~63~492~-22~-385~-109~0~0.1195652~0~scavmark wingedorb~0.3189963~0.02173913~0.3214082~0.08695652~0.03479949~0.2391304~0.03479949~0.2608696, CustomDecal><236.9289><192.3408><-21~163~396~138~361~-16~-367~85.00003~0.6521739~1~0~scav wedges~0.1507983~0.4130435~0.1507983~0.423913~0.1507983~0.2608696~0.1507983~0.4130435, LightSource><441.8163><307.9209><0.0326087~Environment~334~161~307~192.6025~1~1~None~0~0, 
FadePalette: 10, 0.4891304
MorePalette0: 10, 1
