RainIntensity: 0.6956522
RumbleIntensity: 0.7065217
RandomItemDensity: 0.6956522
RandomItemSpearChance: 1
Effects: FireFlies-0.5217391-30-30, Darkness-0.5434783-34-76, 
PlacedObjects: ScavengerTreasury><484.0089><160.4498><-6~235, LanternOnStick><229.9401><320.9378><32~-257, LanternOnStick><561.8398><226.6787><29~-161, LanternOnStick><728.0002><156.7><-22~-87, LanternOnStick><830.7974><314.5557><65~-146, PuffBall><170.4272><127.6863><-212~301~2~3, PuffBall><248.7451><96.55005><-289~250~2~3, DataPearl><337.0906><290.8792><35~150~0~0~Misc~0, CustomDecal><218.7877><0.1964111><-31~119~649~105~622~2~-409~21~0~0.4347826~0~Scav Wedges~1~0~1~0~0~0.25~0~0.5978261, CustomDecal><100.9451><57.55768><-4~153.8071~815.6139~153.8071~808.6139~-5~828.9999~-206~0.326087~1~0~zGWMarks - LF_A17~0.7717391~0~0.8695652~0~0.5543478~0.3043478~0~0.4021739, CustomDecal><87.84259><174.6773><-19~232~918~255~879~-12~266~-457~0.6413044~0.6847826~0~zGWMarks - C06~0~0~0.5108696~0~1~0.2934783~1~0.3043478, BlueToken><447.8463><163.1753><-18~-80~-65~132~1~ScavengerBomb~Yellow~0~0~0~0~0~0~0~0, 
AmbientSounds: OMNI><AM_ENV-LightWind.ogg><760.8012><519.2719><0.4347826><0.6869565, 
FadePalette: 33, 0.8586956
MorePalette0: 10, 0.8043478
