RainIntensity: 0.7065217
RumbleIntensity: 0.7065217
BkgDroneVolume: 0.2569565
Effects: DayNight-0.3043478-20-20, FireFlies-0.5217391-30-30, 
PlacedObjects: PuffBall><419.3041><100.6925><0~0~2~3, PuffBall><394.5906><151.1208><0~0~2~3, PuffBall><576.0614><428.1903><0~0~2~3, PuffBall><596.5862><446.8648><0~0~2~3, PuffBall><611.5797><423.1451><0~0~2~3, DayNightSettings><170.6155><359.6633><5~8.660254~14~8, 
AmbientSounds: OMNI><AM_ENV-Outside.ogg><838.1008><649.3668><0.4130435><0.7847826, OMNI><AM_ENV-LightWind.ogg><664.8832><657.0876><0.3369565><0.7652174, SPOT><Basic Mech.ogg><760.4216><518.6028><0.2391304><1><677.4216><567.6028><-143.3553><-39.35535><0><0.2847827, SPOT><AM_ENV-Outside.ogg><146.4454><322.5427><0.326087><1><105.4454><539.5427><-100.3553><-26.35535><0><0.1, 
FadePalette: 33, 0.8152177
MorePalette0: 10, 0.6521739
