RainIntensity: 0.7065217
RumbleIntensity: 0.7065217
Grime: 0.25
BkgDroneVolume: 0.2569565
Effects: FireFlies-0.5-30-30, 
PlacedObjects: Mushroom><480.698><312.3069><-559~204~2~3, Mushroom><491.9127><322.6338><-582~121~2~3, PuffBall><767.5736><322.064><0~0~2~3, PuffBall><728.2822><306.9474><0~0~2~3, PuffBall><588.2845><321.947><0~0~2~3, 
AmbientSounds: OMNI><AM_ENV-LightWind.ogg><824.597><647.3788><0.3152174><0.6673913, SPOT><AM_ENV-Outside.ogg><731.1926><471.9462><0.3152174><0.7847826><844.1927><175.9462><-78.35535><-32.35535><0><0.2847827, 
FadePalette: 33, 0.7391304
MorePalette0: 10, 0.7934783
