Template: NONE
Clouds: 0.4130435
Grime: 0.2065217
BkgDroneVolume: 0.2569565
Palette: 14
EffectColorA: 4
EffectColorB: 18
Effects: ReplaceEffectColorB-0-20-20-Color-0.08699898-0-0, 
PlacedObjects: DataPearl><1845.57><31.66847><0~0~0~0~Misc~0, DataPearl><1249.692><342.2952><-103~183~0~0~Misc~0, VultureGrub><1490.563><22.55711><-77.75787~537.5144~7~10, VultureGrub><1708.316><28.90337><-35.47595~530.5433~7~10, CustomDecal><1028.483><83.56786><-25~179~909~375~1259~93~-154.0046~-52.95035~0~0.1521739~0~Long Tag~0.01159983~1~0.01159983~1~0.01159983~1~0.01159983~1, CustomDecal><1115.476><168.2653><-3~174~366~172~371~-8~-267~-395.8308~0~1~0~GreySnoopy~0.04059949~0.2173913~0.04059949~0.5217391~0.04059949~0.4782609~0.04059949~0.4782609, CustomDecal><1750.442><142.9866><-12~196~281~214~268~-2~-617~-401~0~1~0~BrainGhosts~0.08119898~0.08695652~0.08119898~0~0.08119898~0.2173913~0.08119898~0.3478261, CustomDecal><1548.867><161.4337><-1~156~156~160~150~-2~-619~240.4346~0~1~0~BlueSmoker~0~0~0.05799932~0~0~0.4782609~0.05799932~0.7826087, CustomDecal><290.2582><125.0502><-84~168~855~170~797~-18~-84~-345~0.6521739~0.75~0~SquidSoup(B&W)~0.1043983~0.6413044~0.1043983~0~0.1043983~1~0.1043983~1, CustomDecal><1286.905><212.1231><-29~70~43~107~90~11~368~-136~0~1~0~WhiteTag2~0.02319933~0.4021739~0.02319933~0.4021739~0.02319933~0.4021739~0.02319933~0.4021739, CustomDecal><2165.113><136.646><-20~141~814~99~834~-24~0~222~0.3043478~1~0~VeryBigSimple~0.08119931~0.8804348~0.08119931~0.7282609~0.08119931~0.5217391~0.08119931~0.5217391, CustomDecal><1142.85><209.6325><20~106~118~91~79~1~233~3~0~1~0~RedGhostSquid~0~0~0~0~0~0.6630435~0~0.6847826, CustomDecal><2182.124><131.9068><0~116~409~108~406~-5~251~219~0.3043478~1~0~SmugLips~0.1333983~0~0.1333983~0~0.1333983~0.6847826~0.1333983~0.4782609, CustomDecal><749.1818><129.3334><0~217.2004~328.7453~200.2004~294.7453~-13~-420~-26~0.6521739~0.7608696~0~WideRabbitHead~0.08119931~0~0.08119931~0~0.08119931~0.2065217~0.08119931~0.2391304, CustomDecal><2595.114><116.8969><3~138.769~311.972~135.769~306.972~-4~142~-357~0.3152174~1~0~PillMan~0.08119931~0~0.08119931~0~0.08119931~0.3043478~0.08119931~0.3369565, NeedleEgg><137.05><256.9977><0~0~4~9, LightSource><326.2966><239.6735><0.2924082~EffectColor1~0~125.6125~50~86.60254~0~0~None~0~0, LightSource><306.1883><600.4875><0.3504075~EffectColor1~0~125.6125~50~86.60254~0~0~None~0~0, LightSource><1001.461><594.618><0.3504075~EffectColor1~0~125.6125~50~86.60254~0~0~None~0~0, LightSource><2245.869><620.025><0.3504075~EffectColor1~0~125.6125~50~86.60254~0~0~None~0~0, LightSource><2846.162><619.4915><0.3504075~EffectColor1~0~125.6125~50~86.60254~0~0~None~0~0, 
AmbientSounds: OMNI><AM_ENV-Outside.ogg><842.8004><638.0121><0.4347826><0.823913, OMNI><AM_ENV-LightWind.ogg><669.863><635.1458><0.4347826><0.6869565, SPOT><AM_IND-Utility02.ogg><37.97754><489.5513><0.5><1><24.97754><456.5513><-136.3553><-82.35535><0><0.4695654, SPOT><AM_ENV-NatWind.ogg><216.9705><486.9478><0.3478261><1><1641.97><578.9478><-286.3553><-9.355347><0><0.4804349, SPOT><AM_IND-Utility02.ogg><32.37085><367.0906><0.4347826><1><3147.371><457.0906><-105.3553><-144.3553><0><0.2739132, SPOT><AM_ENV-NatWind.ogg><212.9241><367.3483><0.326087><1><2631.924><581.3483><-177.3553><37.64465><0><0.4152175, 
FadePalette: 15, 0.2934783, 0.2608696, 0.25
MorePalette0: 387, 1, 1, 1
