Template: LF_SettingsTemplate_Farms
RainIntensity: 0.7065217
RumbleIntensity: 0.7065217
Grime: 0.4782609
BkgDroneVolume: 0
Palette: 12
EffectColorB: 18
Effects: Darkness-0.06521739-8-66, DayNight-0.1630435-17-107, FireFlies-0.4347826-20-20, 
PlacedObjects: DeadSeedCob><3805.237><284.1996><, DeadSeedCob><3991.447><328.0341><, DeadSeedCob><3931.446><341.9612><, DeadSeedCob><3341.319><313.8122><, SeedCob><3739.809><246.691><2~82~7~10, SeedCob><2867.459><191.8043><0~0~7~10, SeedCob><1781.596><404.1755><0~0~7~10, SeedCob><1852.464><331.8033><0~0~7~10, DeadSeedCob><2034.805><267.4543><, DeadSeedCob><2158.804><243.4619><, DeadSeedCob><2107.162><295.3834><, DeadSeedCob><2546.987><223.6996><, DeadSeedCob><2783.154><197.6283><, DeadSeedCob><1433.924><480.4008><, PuffBall><375.8195><268.0624><-336~42~2~3, PuffBall><353.7504><268.05><-290~132~2~3, FlyLure><1706.407><218.8735><-44~38~4~9, FlyLure><1193.407><316.6261><-40~106~4~9, FirecrackerPlant><1355.163><302.3656><0~0~2~3, FirecrackerPlant><1433.631><279.5988><0~0~2~3, CustomDecal><367.8><119.7503><-6~212~118~208~118~0~-292~202~0.173913~1~0.4347826~RustB1~0.6956522~0.5652174~0.6956522~0.5652174~0.6956522~0.5652174~0.6956522~0.5652174, CustomDecal><647.6921><112.1945><-14~222~124~230~110~-40~-574~176~0.2391304~1~0.5434783~Rust3~0.7608696~0.5869565~0.7608696~0.5869565~0.7608696~0.5869565~0.7608696~0.5869565, CustomDecal><944.1018><31.57785><-38~314~88~318~116~-20~-868~314~0.1521739~1~0.4565217~RustB3~0.8260869~0.2608696~0.8260869~0.2608696~0.8260869~0.2608696~0.8260869~0.2608696, CustomDecal><680.1876><88.31934><0~168~246~170~254~-8~-600~172~0.1086956~1~0.5217391~SquareBird~0.8478261~0.1956522~0.8478261~0.1956522~0.8478261~0.1956522~0.8478261~0.1956522, CustomDecal><211.5995><191.4235><-2~182~416~188~448~52~-188~-214~0.2826087~0.5434783~0.3043478~ContemplativePig~0.4565217~0.1956522~0.4565217~0.1956522~0.4565217~0.1956522~0.4565217~0.1956522, CustomDecal><655.8266><127.0996><16~140~282~208~280~-108~-622~56~0.1304348~1~0.5869565~DirtyWaterLine~0.8477047~0.3478261~0.8477047~0.3478261~0.8477047~0.3478261~0.8477047~0.3478261, CustomDecal><633.7><260.5039><6~182~378~116~332~-88~125~117~0.2826087~1~0~Pink Tag~0.3695652~0.3043478~0.3695652~0.3043478~0.3695652~0.3043478~0.3695652~0.3043478, CustomDecal><328.7708><394.4489><-12~268~1416~284~1419~-22~744.9999~-338~0.5~1~0.5217391~VeryBigSimple~0.4130435~1~0.4130435~1~0.4130435~1~0.4130435~1, RedToken><504.449><313.4807><0~-73~-18~166~0~LF~~0~0~1~0~0~0~1~0~0~0~1~0, DeadTokenStalk><425.9452><334.2064><-9~-87, DeadTokenStalk><616.1214><332.8468><-23~-94, DayNightSettings><383.8045><603.2921><5~8.660254~14~15, LightBeam><219.5693><192.4142><72~553~4069~532~4061~-136~0~0~0.08478314~0~0~1~None~0~0, 
AmbientSounds: OMNI><AM_ENV-Outside.ogg><863.0934><625.8755><0.5><1, OMNI><AM_ENV-LightWind.ogg><693.0504><629.0128><0.4130435><1, SPOT><AM_ENV-WindGrass.ogg><682.6985><497.1933><0.5><1><3619.698><124.1933><-337.3553><20.64465><0><0.2304349, SPOT><AM_ENV-WindGrass.ogg><858.6315><492.6611><0.5><1><2717.632><60.6611><-211.3553><96.64466><0><0.2086958, OMNI><AM_ENV-Pasture.ogg><503.1622><621.6797><0.5><1, SPOT><AM_SUB-CaveTone.ogg><489.6567><497.3231><0.4130435><1><133.6567><-3.67691><646.6447><198.6447><0><0.4478262, SPOT><SO_WAT-ProperDrips.ogg><854.9437><367.0496><0.5><1><444.9437><260.0496><162.6447><-1.355347><0><0.1652175, SPOT><SO_WAT-RunningWater.ogg><678.9499><384.4933><0.2391304><1><772.9499><45.49332><-161.3553><22.64466><0><0.1869567, 
FadePalette: 33, 0.5652171, 0.6195651, 0.6739127, 0.641304
MorePalette0: 363, 0.05434782, 0.1086956, 0.1521739, 0.1521739
MorePalette1: 367, 0.7065217, 0.7065217, 0.7065217, 0.7065217
