Template: LF_SettingsTemplate_Farms
RainIntensity: 0.7065217
RumbleIntensity: 0.7065217
BkgDroneVolume: 0.2569565
Palette: 12
Effects: DayNight-0.1086956-20-20, FireFlies-0.5217391-30-30, 
PlacedObjects: FirecrackerPlant><3023.699><211.7291><-850~402~2~3, FirecrackerPlant><3043.187><209.6783><-872~320~2~3, FirecrackerPlant><2578.647><326.615><-407~118~2~3, FirecrackerPlant><2655.992><322.9499><-483~30~2~3, InsectGroup><3012.444><247.5581><-221~65~0~0~Beetle~0.2608696, NoSpearStickZone><273.6475><1253.672><0~100, CustomDecal><3271.076><121.8484><-20~287~578~281~571~-20~365~323~0.1847826~0.3804348~0~BadSkin~0.1304348~0~0.1521739~0~0.1521739~0.5217391~0.06521739~0.9021739, CustomDecal><3509.095><34.37683><0~391.0776~461.5311~430.0776~604.5311~93~-396~37.00342~0.2608696~0.4456522~0~Cerberus~0.271739~0~0.3586958~0.3695652~0.2499998~0.3913043~0.3478262~0, CustomDecal><3651.352><226.1349><0~134~132~138~141~3~496~-38~0.2608696~1~0~RoundBlack~0.3586957~0~0.4347826~0~0.1413043~0~1~0, CustomDecal><1039.083><789.3169><-6~211~320~248~324~1~-519~153~0.326087~0.4456522~0~YellowYou~0.2173913~0.02173913~0.2717391~0.1630435~0~0.3586957~0.423913~0.6195652, Rainbow><3534.896><310.8288><-136~285~-163~-239~0,0,0,0.5869565,0.8478261,0.2934783, ReliableSpear><3324.286><126.9467><, DayNightSettings><2616.601><500.8678><5~8.660254~14~15, LightBeam><35.05262><1126.08><-45.99997~574~4077~497~3910~-1271~-9~-180~0.1065219~0~0~1~None~0~0, LightSource><3791.084><1292.141><0.06521739~Environment~-425~-1187~50~86.60254~1~1~None~0~0, 
AmbientSounds: OMNI><AM_ENV-Outside.ogg><829.2709><654.4489><0.4891304><1.019565, OMNI><AM_ENV-LightWind.ogg><650.386><657.1467><0.423913><0.9217392, SPOT><AM_IND-Utility02.ogg><757.9347><460.189><0.4021739><1><4120.935><284.1974><-103.3553><-123.3553><0><0.3717393, SPOT><AM_ENV-WindGrass.ogg><115.0558><508.4521><0.423913><1><2288.056><472.4629><-197.3553><-230.3553><0><0.5239132, SPOT><AM_ENV-WindGrass.ogg><115.8002><390.9906><0.4565217><1><1745.8><612.9906><-344.3553><-90.35535><0><0.3282608, SPOT><AM_ENV-NatWind.ogg><113.9229><271.3995><0.4891304><1><1793.923><1262.399><-318.3553><-57.35535><0><0.3826088, SPOT><AM_ENV-WindGrass.ogg><112.8749><156.4063><0.4891304><1><1079.875><872.4065><212.6447><-16.35534><0><0.3391306, SPOT><AM_ENV-NatWind.ogg><117.3187><37.06216><0.5><1><70.31873><1385.062><27.64466><-263.3553><0><0.4260869, 
FadePalette: 33, 0.7065214, 0.75, 0.7934783, 0.8369565, 0.8478261, 0.8478261, 0.8478261, 0.8586956
MorePalette0: 363, 0.1086956, 0.1086956, 0.1086956, 0.1086956, 0.05434782, 0.05434782, 0, 0
MorePalette1: 10, 0, 0, 0, 0, 0, 0, 0.07608695, 0.1521739
MorePalette2: 367, 0.8043478, 0.8043478, 0.8043478, 0.8043478, 0.8043478, 0.8043478, 0.8043478, 0.8043478
