EffectColorA: 9
PlacedObjects: LightSource><323.0273><369.0217><0.3852075~White~0~71.18597~50~86.60254~0~0~None~0~0, 
MorePalette0: 10, 1
