Template: LF_SettingsTemplate_Farms
Clouds: 0.5
Grime: 0.1304348
EffectColorA: 16
EffectColorB: 21
Effects: LightBurn-0-26-75, RoomWrap-1-20-20, Desaturation-0.4021739-262-318, 
MorePalette0: 493, 1, 1
MorePalette1: 10, 0.8043478, 0.8043478
MorePalette2: 425, 0.08695652, 0.04347826
MorePalette3: 387, 0.5543478, 0.6739131
