Template: NONE
RumbleIntensity: 1
Palette: 9
EffectColorA: 0
PlacedObjects: LanternOnStick><198.8672><224.0996><-41.83374~-86.97131, LanternOnStick><833.6837><215.112><61.47~-56.23627, CustomDecal><518.3362><35.7906><-91.3512~-1.833755~-86.35498~482.2426~27.19373~495.1751~-677.8776~211.7301~0~0.1091302~0~Scav Wedges2~0.2065217~0.6310327~0.2065217~0.6310327~0.2065217~0.6310327~0.2065217~0.6310327, CustomDecal><701.0283><-2.37207><-82.81378~-2.687508~-97.45361~513.8312~16.09485~509.6888~-859.7262~213.4376~0~1~0~Scav Wedges2~0.2173913~0.6495925~0.2173913~0.6495925~0.2173913~0.6495925~0.2173913~0.6495925, CustomDecal><339.2701><9.71138><-87.93619~-23.17747~-73.54874~511.27~25.48627~507.9813~-494.3214~172.4576~0~1~0~Scav Wedges2~0.3152174~0.6588722~0.3152174~0.6588722~0.3152174~0.6588722~0.3152174~0.6588722, CustomDecal><-74.67415><152.1259><0~40~335.3976~-2.687531~330.275~-109.28~-82.81377~2.561386~0~1~0~Scav Wedges~0.149769~1~0.149769~1~0.149769~1~0.149769~1, CustomDecal><710.6295><32.76064><-17.07495~133.0588~306.3699~176.6~343.9349~110.1337~-870.825~91.35133~0~0.03711933~0~Scav Wedges~0.140489~1~0.140489~1~0.140489~1~0.140489~1, CustomDecal><131.0302><331.9867><1.70752~56.22128~127.9362~56.22128~101.47~-32.44247~-294.5437~-227.9512~0~0.08129153~0~ScavMark WingedOrb~0.15106~0.7052718~0.15106~0.7052718~0.15106~0.7052718~0.15106~0.7052718, CustomDecal><117.6366><181.079><-17.07498~93.78625~109.1537~115.13~79.27252~-33.29626~-274.0537~-100.7425~0~1~0~WhiteJunk2~0.2934783~0.2598087~0.2934783~0.2598087~0.2934783~0.2598087~0.2934783~0.2598087, NoSpearStickZone><471.8024><244.2426><223.6825~205.0112, CustomDecal><768.6516><169.7798><-53.78619~20.36371~-4.394836~115.1299~40.00006~93.05875~-881.0699~74.27625~0~1~0~ScavMark WingedOrb~0.1779089~1~0.1779089~1~0.1779089~1~0.1779089~1, CustomDecal><843.6167><137.5668><-46.10248~18.65628~-2.6875~118.545~45.12244~88.79004~-390.1638~-52.93256~0.1670386~1~0~ScavMark WingedOrb~0.08751313~0~0.08751313~0~0.08751313~0~0.08751313~0, CustomDecal><523.4594><546.1152><-5.976257~200.505~93.78625~203.0663~74.15002~-6.830002~-339.7925~-455.9026~0.139198~1~0~Scav Wedges3(vert)~0.08695652~0.3062366~0.08695652~0.3062366~0.08695652~0.3062366~0.08695652~0.3062366, 
AmbientSounds: OMNI><AM_IND-Utility01.ogg><130.5161><497.0573><0.4072007><1, OMNI><AM_ENV-LightWind.ogg><131.8508><420.4342><0.4072012><1, 
FadePalette: 11, 0.5011141
MorePalette0: 10, 1
