Template: NONE
DangerType: Rain
RainIntensity: 0.2065217
RumbleIntensity: 0.2065217
Clouds: 0.3586957
Grime: 0.1956522
BkgDroneVolume: 0
Palette: 29
Effects: FireFlies-0.2717391-117-21, 
PlacedObjects: NoSpearStickZone><479.6824><242.1882><-259~110, Corruption><901.5641><322.1763><0~100, LightBeam><683.1481><318.8844><25.99994~66~64~68~96~0~-145~156~0.3535999~1~0~1~Flash~0.608695~0, 
FadePalette: 33, 0.8043478
MorePalette0: 367, 0.5955074
MorePalette1: 10, 0.8043478
