DangerType: Flood
RainIntensity: 0.8152174
RumbleIntensity: 0.8043478
Grime: 0.2391304
Palette: 11
Effects: FireFlies-0.5-30-30, Darkness-0.4130435-40-40, 
PlacedObjects: ExitSymbolShelter><913.1998><269.9436><, NoSpearStickZone><483.6084><243.3913><-147~221, LightSource><878.4493><290.9838><0.25~EffectColor1~0~100~50~86.60254~1~0~None~0~0, LightSource><815><253><0.25~EffectColor1~0~100~50~86.60254~1~0~None~0~0, 
FadePalette: 10, 0.7282609
MorePalette0: 375, 1
MorePalette1: 10, 0.5
