Template: su_settingstemplate_inside
Clouds: 0.04347826
Grime: 0.2391304
BkgDroneVolume: 0.2769565
BkgDroneNoThreatVolume: 0
Effects: ModifyEffectColorB-0,0.2065217,0.07608695-30-30, 
FadePalette: 8, 0.2608696
MorePalette0: 10, 1
MorePalette1: 0, 0.08695652
