Clouds: 0.75
Grime: 0.4456522
BkgDroneVolume: 0.2769565
Effects: ModifyEffectColorB-0,0.1086956,0.1086956-247-64, 
PlacedObjects: CustomDecal><2079.806><106.799><-191~391~-627~453~-782~-28~-959~-91~0~0.9782609~0~Radio~0.1086956~0.3152174~0.2934783~0.3152174~0.1304348~0.3152174~0.5543478~0.3152174, CustomDecal><1490.136><191.8536><7~225~449~226~435~0~-315~140~0.6521739~0.8152174~0.1413043~PinkBubbly~0.07608695~0~0.1521739~0~0.0326087~0.6956522~0.06521739~0.2173913, CustomDecal><1404.448><-35.19302><-79~643~170~668~150~2~-491~349~0.326087~0.9130435~0.3695652~RustB1~0.09782609~0.8695652~0.25~0.8695652~0~0.8695652~0~0.8695652, BlueToken><1558.425><333.4033><8~60~2~235~1~CicadaA~~0~0~0~0~0~0~0~0~0~0~0~0~0, DeadTokenStalk><1612.098><342.6746><-11~48, 
AmbientSounds: OMNI><AM_ENV-LightWind.ogg><874.1122><577.8551><0.4565217><0.6478261, SPOT><AM_IND-Utility02.ogg><875.6603><425.1196><0.5><1><1639.66><488.1196><-68.35535><-60.35535><0><0.328261, SPOT><SO_IND-Fridge.ogg><652.8185><129.9161><0.2391304><1.03913><1061.818><270.9161><-78.35535><-96.35535><0><0.328261, SPOT><SO_IND-Fridge.ogg><869.9267><296.3437><0.2065217><0.8434783><531.9267><278.3437><-94.35535><-112.3553><0><0.404348, 
FadePalette: 1, 0, 0
MorePalette0: 373, 1, 1
MorePalette1: 369, 0.02173913, 0.02173913
