Template: su_settingstemplate_inside
Clouds: 1
Grime: 0
EffectColorA: 2
PlacedObjects: BrokenShelterWaterLevel><486.908><354.6776><, LightSource><673.3994><491.867><0.5~EffectColor1~-231~91~-302~-36.39746~1~0~None~0~0, 
AmbientSounds: SPOT><Basic Mech.wav><523.95><262.5025><0.2065217><0.8630434><431.95><477.5024><67.64465><-132.3553><0><0.1652175, 
FadePalette: 8, 0.5217391
MorePalette0: 10, 1
