Template: LM_SettingsTemplate_Sewer
Grime: 0.4021739
Palette: 35
PlacedObjects: CustomDecal><210.6167><-4.412445><0~732.0598~228.2129~732.0598~228.2129~0~344~149~0.06521739~1~0~Rust1~0.1086956~1~0.1086956~1~0.1086956~1~0.1086956~1, 
AmbientSounds: SPOT><SO_WAT-RunningWater.ogg><760.5977><125.1295><0.3369565><1><346.5977><112.1295><-170.3553><1.644653><0><0.2739132, SPOT><SO_WAT-LightFlow.ogg><787.1242><438.1568><0.5><1><333.1242><632.1567><-114.3553><-62.35535><0><0.2304349, 
FadePalette: 8, 0.2282609
MorePalette0: 375, 0.5543478
MorePalette1: 10, 0.75
