Template: LM_SettingsTemplate_Sewer
Palette: 35
EffectColorB: 21
PlacedObjects: CustomDecal><319.8215><267.0903><0~717.4029~459.4744~883.4029~452.4744~-10~0~0~0.09782609~0.6521739~0~RustB1~0.1195652~1~0.1195652~1~0.1195652~1~0.1195652~1, CustomDecal><330.5776><951.1484><-27~1552.307~397.8325~1575.307~383.8325~-2~-202~777~0.04347826~1~0~BlackRust1~0.08695685~1~0.08695685~1~0.08695685~1~0.08695685~1, ExitSymbolHidden><585.9168><187.6819><, 
AmbientSounds: SPOT><AM_ENV-LightWind.ogg><755.7802><520.9477><0.2717391><1><522.7802><2100.948><-183.3553><-340.3553><0><0.578261, 
FadePalette: 11, 0.2065217, 0.173913, 0.1521739
MorePalette0: 375, 1, 1, 1
MorePalette1: 10, 0.75, 0.75, 0.75
