Template: LM_SettingsTemplate_Sewer
Grime: 0.3152174
BkgDroneVolume: 0.2769565
Palette: 11
PlacedObjects: DangleFruit><335.1696><630.106><-432~147~2~3, DangleFruit><363.644><660.8304><-452~36~2~3, DangleFruit><642.0064><616.8001><-725~-6~2~3, DangleFruit><457.1998><2143.242><-561~154~2~3, DangleFruit><442.3674><2060.912><-550~154~2~3, DangleFruit><555.4556><1905.305><-660~220~2~3, CustomDecal><183.9465><529.2131><0~260~596~271~565~-20~215~-269~0.5326087~1~0~GreyBones~0~0.8260869~0.06521739~0.8260869~0~0.8260869~0.06521739~0.8260869, 
AmbientSounds: SPOT><AM_IND-Utility02.ogg><810.0502><559.0085><0.3695652><1><423.0502><2248.009><-111.3553><-147.3553><0.1847826><0.4913045, SPOT><AM_ENV-LightWind.ogg><139.9361><485.9268><0.3478261><0.9804348><471.9361><2204.927><-120.3553><-198.3553><0><0.5130435, 
FadePalette: 35, 0.7717391, 0.8369565, 0.9021739
MorePalette0: 375, 1, 1, 0.75
MorePalette1: 10, 0.75, 0.75, 0.8043478
