Template: LM_SettingsTemplate_Sewer
DangerType: Rain
CeilingDrips: 0.8043478
RainIntensity: 0.7065217
RumbleIntensity: 0.7065217
WaveSpeed: 0.5
WaveLength: 0.75
WaveAmplitude: 0.06159735
SecondWaveLength: 0.1666667
SecondWaveAmplitude: 0
Clouds: 0
Palette: 35
Effects: Fog-0.3478261-20-20, 
PlacedObjects: CustomDecal><28.68085><181.4146><-117~350~647~478~616~-179~-38~-9.999985~0.0326087~0.3152174~0~Rust3~0.4021739~1~0.4021739~1~0.4021739~1~0.4021739~1, CustomDecal><324.9445><291.7967><-42~367~481~396~366~-69~-335~-89~0.0326087~0.423913~0~Rust1~0.4021739~1~0.4021739~1~0.4021739~1~0.4021739~1, CustomDecal><285.1031><-28.3642><-173~713~636~695~294~0~-296~259~0~1~0~RustB3~0.3043478~1~0.3043478~1~0.3043478~1~0.3043478~1, CustomDecal><52.38934><155.3935><-136~237~385~348~364~-12~-63~101~0.02173913~1~0.6521739~Rust2~0.3043478~0~0.3043478~0~0.3043478~0~0.3043478~0, CustomDecal><604.6314><20.90076><-18~675~547~566~508~-124~-616~262~0.01086957~0.2391304~1~Rust1~0.3043478~1~0.3043478~1~0.3043478~1~0.3043478~1, CustomDecal><509.4065><228.3745><-17~241~196~248~173~-74~-520~81~0.5760869~1~0.3695652~Rust2~0.3043478~0.3586957~0.3043478~0.3586957~0.3043478~0.3586957~0.3043478~0.3586957, LightSource><1491.152><712.8706><0.06521673~White~207~-750~-386~-449.3975~1~1~None~0~0, LightBeam><1466.561><246.6851><-146~523~129~523~235~-89~-373~264~0.04130422~1~0~1~None~0~0, CustomDecal><1015.36><24.89319><-62~661~533~611~417~-10~851~161~0.02173913~0.2934783~0~Rust2~0.3043478~1~0.3043478~1~0.3043478~1~0.3043478~1, CustomDecal><873.6433><71.66916><-88~371~689~553~359~-95~993~138~0.25~0.6956522~0~Rust2~0.2391304~1~0.2391304~1~0.2391304~1~0.2391304~1, CustomDecal><1519.051><232.3067><16~432~590~398~447~-286~347~0~0.02173913~0.2391304~1~RustB2~0.3043478~1~0.3043478~1~0.3043478~1~0.3043478~1, CustomDecal><1607.117><142.6006><-55~512~464~407~426~-139~260~112~0.2065217~1~0.8478261~Rust1~0.2826087~1~0.2826087~1~0.2826087~1~0.2826087~1, 
AmbientSounds: DIR><AM_WAT-Shoreline.ogg><787.6199><577.9019><0.01086957><1><4.856105><0, SPOT><AM_WIN-MedWind.ogg><786.0695><470.086><0.2826087><1.136956><1498.069><722.086><26.64465><-234.3553><0><0.3391306, OMNI><AM_WIN-SubWnd.ogg><783.4088><178.1216><0.173913><1, SPOT><SO_WAT-Splashes.ogg><584.3077><295.9452><0.2173913><1><490.3077><716.9452><-156.3553><-158.3553><0><0.6108697, 
FadePalette: 33, 0.6304348, 0.6304348
