Template: LM_SettingsTemplate_Sewer
CeilingDrips: 0.8043478
Clouds: 0
Palette: 35
EffectColorA: 5
Effects: Fog-0.3478261-20-20, 
PlacedObjects: CustomDecal><28.68085><181.4146><-117~350~647~478~616~-179~-76~-304~0.0326087~0.3152174~0~Rust3~0.07608695~1~0.07608695~1~0.07608695~1~0.07608695~1, CustomDecal><324.9445><291.7967><-42~367~481~396~366~-69~-363~-494~0.0326087~0.423913~0~Rust1~0.09782609~1~0.09782609~1~0.09782609~1~0.09782609~1, CustomDecal><285.1031><-28.3642><-173~713~636~695~294~0~-303~-182~0~1~0~RustB3~0.05434782~1~0.05434782~1~0.05434782~1~0.05434782~1, CustomDecal><52.38934><155.3935><-136~237~385~348~364~-12~-92~-341~0.02173913~1~0.6521739~Rust2~0.1195652~0~0.1195652~0~0.1195652~0~0.1195652~0, CustomDecal><604.6314><20.90076><-18~675~547~566~508~-124~-637~-197~0.01086957~0.2391304~1~Rust1~0.07608695~1~0.07608695~1~0.07608695~1~0.07608695~1, CustomDecal><509.4065><228.3745><-17~241~196~248~173~-74~-520~81~0.5760869~1~0.3695652~Rust2~0.1195652~0.3586957~0.1195652~0.3586957~0.1195652~0.3586957~0.1195652~0.3586957, LightSource><1491.152><712.8706><0.02173913~EffectColor1~207~-750~-386~-449.3975~1~1~None~0~0, LightBeam><1466.561><246.6851><-146~523~129~523~235~-89~-373~264~0.00869552~0~0~1~None~0~0, CustomDecal><1015.36><24.89319><-62~661~533~611~417~-10~55~-267~0.02173913~0.2934783~0~Rust2~0.07608695~1~0.07608695~1~0.07608695~1~0.07608695~1, CustomDecal><873.6433><71.66916><-88~371~689~553~359~-95~132~-260~0.25~0.6956522~0~Rust2~0.1413043~1~0.1413043~1~0.1413043~1~0.1413043~1, CustomDecal><1519.051><232.3067><16~432~590~398~447~-286~-264~-484~0.02173913~0.2391304~1~RustB2~0.1521739~1~0.1521739~1~0.1521739~1~0.1521739~1, CustomDecal><1607.117><142.6006><-55~512~464~407~426~-139~-432~-352~0.2065217~1~0.8478261~Rust1~0.08695652~1~0.08695652~1~0.08695652~1~0.08695652~1, 
AmbientSounds: DIR><AM_WAT-Shoreline.ogg><787.6199><577.9019><0.01086957><1><4.856105><0, SPOT><AM_WIN-MedWind.ogg><786.0695><470.086><0.2826087><1.136956><1498.069><722.086><26.64465><-234.3553><0><0.3391306, OMNI><AM_WIN-SubWnd.ogg><783.4088><178.1216><0.173913><1, SPOT><SO_WAT-Splashes.ogg><584.3077><295.9452><0.2173913><1><490.3077><716.9452><-156.3553><-158.3553><0><0.6108697, 
FadePalette: 11, 0.2282609, 0.2282609
MorePalette0: 375, 1, 1
MorePalette1: 10, 0.7065217, 0.6086956
