Template: LM_SettingsTemplate_Sewer
CeilingDrips: 0.7717391
Clouds: 0.9021739
BkgDroneVolume: 0.146087
Palette: 35
EffectColorA: 5
Effects: Fog-0.1847826-1-11, Darkness-0.5217391-7-75, 
PlacedObjects: CustomDecal><50.65497><162.3765><-189~522~889~548~878~-29~-224~-77~0.0326087~0.2282609~1~Rust2~0.1086956~1~0.1086956~1~0.1086956~1~0.1086956~1, CustomDecal><306.6456><74.11285><-332~410~791~549~623~-82~-396~-1.999992~0.07608695~0.2608696~1~Rust2~0.08695652~1~0.08695652~1~0.08695652~1~0.08695652~1, CustomDecal><432.1453><21.57959><-290~382~674~407~642~-41~-491~37~0.2065217~1~0~DirtyWaterLine~0.09782609~1~0.09782609~1~0.09782609~1~0.09782609~1, CustomDecal><83.17731><-0.9074707><-246~372~216~372~477~5~502~287~0.0326087~0.6630435~0~Rust3~0.1086957~1~0.1086957~1~0.1086957~1~0.1086957~1, DangleFruit><236.0369><534.5534><0~0~2~3, DangleFruit><197.9565><562.9452><0~0~2~3, DangleFruit><212.8574><536.8902><0~0~2~3, LightSource><34.42798><715.6866><0.05434451~EffectColor1~659~-472~296~-370.3975~1~0~None~0~0, 
AmbientSounds: SPOT><AM_IND-Utility02.ogg><795.5571><464.1972><0.2391304><1><839.5571><313.1972><-133.3553><-114.3553><0><0.3173914, SPOT><Basic Mech.ogg><792.3048><150.2935><0.09782609><1><358.3048><2.293549><-138.3553><-124.3553><0><0.3608697, OMNI><AM_WIN-SubWnd.ogg><801.2449><572.55><0.1630435><1, SPOT><AM_WAT-Shoreline.ogg><629.4385><534.3097><0.02173913><1><53.43848><710.3097><155.6447><-107.3553><0><0.2847827, SPOT><AM_WIN-MedWind.ogg><628.8204><418.1872><0.1956522><1.293478><61.82043><719.1872><179.6447><-141.3553><0><0.4478262, 
FadePalette: 11, 0.2826087
MorePalette0: 375, 1
MorePalette1: 10, 0.6086956
