Template: LM_SettingsTemplate_Sewer
DangerType: Rain
CeilingDrips: 0.7717391
RainIntensity: 0.7065217
RumbleIntensity: 0.7065217
WaveSpeed: 0.5016493
WaveLength: 0.9806753
WaveAmplitude: 0.05092508
SecondWaveLength: 0.1666667
SecondWaveAmplitude: 0
Grime: 0.2304349
Palette: 35
Effects: Fog-0.2391304-0-0, WaterDepth-0.06521739-2-71, DayNight-0.2173913-20-20, 
PlacedObjects: CustomDecal><226.8426><860.6266><30~303~160~366~153~-29~-81~260~0~0.09782609~1~RustB2~0.4021739~1~0.4021739~1~0.4021739~1~0.4021739~1, CustomDecal><438.8147><960.4247><-2~426~157~407~168~-27~214~144~0~0.1195652~0.9021739~Rust2~0.4021739~0.5217391~0.4021739~0.5217391~0.4021739~0.5217391~0.4021739~0.5217391, CustomDecal><203.1147><704.6027><-13~401~408~738~383~-68~461~95~0.09782609~1~0.8586951~Rust1~0.402173~1~0.402173~1~0.402173~1~0.402173~1, CustomDecal><466.3439><54.57339><-9~992~109~999~85~-21~-491~732~0.1521739~1~1~Rust3~0.4021739~1~0.4021739~1~0.4021739~1~0.4021739~1, CustomDecal><43.30652><275.0507><-107~173~363~180~441~-90~1191~-304~0~1~0.9673913~Rust2~0.3043478~0.3586957~0.3043478~0.3586957~0.3043478~0.3586957~0.3043478~0.3586957, CustomDecal><358.3982><286.6343><-162~445~272~449~220~-167~-504~63~0.173913~1~0.9130435~RustB3~0.3043478~0.7608696~0.3043478~0.7608696~0.3043478~0.7608696~0.3043478~0.7608696, CustomDecal><128.17><170.1447><-255~258~996~254~933~-27~770~-192.9946~0.05434782~1~0.4782609~DirtyWaterLine~0.5~0.6086956~0.5~0.6086956~0.5~0.6086956~0.5~0.6086956, CustomDecal><1048.162><320.6179><-30~326~144~371~166~-40~800~-402~0.2826087~1~0~Rust2~0.3043478~0.7173913~0.3043478~0.7173913~0.3043478~0.7173913~0.3043478~0.7173913, CustomDecal><1415.434><241.0772><-172~192~528~200~575~-127~109~-236~0.4891304~1~0~DirtyWaterLine~0.4021739~1~0.4130435~1~0.9456522~1~0~1, CustomDecal><1116.426><317.655><-200~403~600~428~409~-231~732~-308.9999~0~0.173913~0.75~RustB3~0.3043478~1~0.3043478~1~0.3043478~1~0.3043478~1, CustomDecal><1340.098><205.1196><-131~531~711~385~479~-227~518~57~0~0.173913~0~Rust2~0.3043478~1~0.3043478~1~0.3043478~1~0.3043478~1, CustomDecal><1341.678><236.4096><-162~445~491~294~410~-206~505~-202~0.4130435~1~0.6413044~Rust3~0.2065217~0.7717391~0.2065217~0.7717391~0.2065217~0.7717391~0.2065217~0.7717391, CustomDecal><-17.94995><160.504><-198~402~799~524~618~-44~-128~-121~0~0.2608696~1~Rust3~0.3043478~1~0.3043478~1~0.3043478~1~0.3043478~1, CustomDecal><665.8286><511.6469><-62~289~370~244~303~-33~-488~-274~0~0.2717391~0~RustB2~0.3043478~1~0.3043478~1~0.3043478~1~0.3043478~1, WaterNut><1254.348><418.1302><0~0~2~3, WaterNut><1459.47><379.8023><0~0~2~3, WaterNut><1367.6><425.173><0~0~2~3, WaterNut><1420.55><395.1936><0~0~2~3, ReliableSpear><1080.449><436.8067><, ReliableSpear><1224.689><401.9336><, ReliableSpear><1142.659><420.1215><, ReliableSpear><1176.502><412.2><, DayNightSettings><1239.625><294.5939><5~8.660254~35~11, 
AmbientSounds: SPOT><SO_WAT-RunningWater.ogg><800.5509><473.9808><0.2826087><1><507.5509><1003.981><8.644653><-390.3553><0><0.5978261, SPOT><SO_WAT-OpenFlow.ogg><805.447><576.9657><0.4782609><1><508.447><1103.966><48.64465><-420.3553><0><0.5108696, SPOT><SO_WAT-Splashes.ogg><624.9804><472.949><0.3043478><1><525.9804><254.9487><368.6447><454.6447><0><0.4586958, OMNI><AM_WIN-SubWnd.ogg><625.1552><600.1261><0.1521739><1, DIR><AM_WAT-Shoreline.ogg><805.5935><162.6246><0.02173913><1><-1.100311><0, 
FadePalette: 33, 0.7934783, 0.7282609, 0.6521739
