WaveAmplitude: 0
SecondWaveAmplitude: 0.3478261
Clouds: 0
Palette: 35
Effects: Fog-0-20-20, DayNight-0.5543478-30-30, 
PlacedObjects: BrokenShelterWaterLevel><327.9295><374.8382><, DayNightSettings><229.4489><262.2708><5~8.660254~35~11, 
FadePalette: 33, 0.6847826
