DangerType: Rain
WaveSpeed: 0.5
WaveLength: 0.75
WaveAmplitude: 0.04867629
SecondWaveLength: 0.1666667
SecondWaveAmplitude: 0.3478261
Palette: 35
Effects: Fog-0.5652174-20-20, 
PlacedObjects: BrokenShelterWaterLevel><423.051><345.5203><, 
FadePalette: 33, 0.7065217
