RainIntensity: 1
Clouds: 0.4456522
Grime: 0.1521739
Palette: 35
EffectColorB: 21
Effects: ElectricDeath-0.01086957-256-307, Fog-0.4782609-7-23, GreenSparks-0.2173913-256-245, 
AmbientSounds: OMNI><AM_WAT-Sea01.ogg><822.1245><562.5935><0.01086957><0.1, 
FadePalette: 6, 0.4565217, 0.3478261, 0.3478261, 0.2717391
MorePalette0: 10, 0.8043478, 0.8043478
MorePalette1: 377, 0.7065217, 0.5
