Template: NONE
DangerType: None
RainIntensity: 0.5652174
RumbleIntensity: 1
WaveSpeed: 0.4881983
WaveLength: 0.9940991
WaveAmplitude: 3.884204E-12
SecondWaveLength: 0.1666667
SecondWaveAmplitude: 0
Clouds: 0.2065217
Grime: 0.1195652
Palette: 10
EffectColorA: 2
EffectColorB: 1
Effects: WaterDepth-0.05434782-20-20, Coldness-1-22-71, 
PlacedObjects: WaterNut><849.684><191.4217><41.00006~-183~2~4, WaterNut><826.6407><178.8921><-200~-179~3~5, CustomDecal><729.4597><193.5541><0~389~280~389~280~0~-722~-479~0.326087~0.3913043~0~MutantRabbit~0.25~0.1847826~0.3478261~0.1086956~0.2282609~0.2826087~0~0.25, CustomDecal><730.9709><103.8021><-2~241~272~245~263~53~-778~-28.00001~0.3152174~1~0~SR~0.3478261~0.5652174~0.1956522~0.5652174~0~0.5652174~0.5217391~0.5652174, CustomDecal><142.0445><117.805><0~339~203~339~203~0~-232~-403~0.326087~1~0~Actual Vertical Pink~0.1956522~0.173913~0.391304~0~0.2391299~0.3586957~0~0.8695652, CustomDecal><217.658><181.1226><0~145.1826~87.62498~145.1826~87.62498~0~-340.0001~-467~0.3152174~1~0~WhiteTag~0.1521739~0~0.2608696~0~0.3695652~0.5~0.1630435~0.423913, CustomDecal><624.2447><48.05008><0~251~193~251~193~0~-416~28~0.6521739~1~0~UNQ - FacePlug~0.2608696~0~0~0~0~0.5108696~0.6195652~0.4130435, CustomDecal><293.999><86.29999><0~412.5882~141.2973~412.5882~141.2973~0~-353~-372~0.6630435~1~0~CactusMan~0.7173913~0~0.5869565~0.1956522~0.2934783~0.4021739~0.4021739~0.4347826, CustomDecal><405.3866><555.1647><-10~109.8666~300.6942~105.8666~292.6942~20~-365~-842~0.3043478~0.3586957~0~BlueWhiteJunk~0.1847826~0~0.2282609~0.4021739~0~0.3152174~0.2934783~0.7173913, CustomDecal><786.3833><193.9124><26~69.62259~196.0206~56.62259~165.0206~-20~-321~-117~0.326087~1~0~WhiteTag7~0.2934783~0~0.423913~0~0~1~1~0.5543478, CustomDecal><104.8004><55.73682><-54~148~1074~144~1041~-8~-131~-341~0.01086957~1~0~DirtyWaterLine~1~0.5434783~0.5326087~0.5434783~0~0.5434783~0~0.5434783, 
AmbientSounds: OMNI><SO_WAT-OpenFlow.ogg><724.1822><472.9381><0.2173913><1, SPOT><SO_WAT-RunningWater.ogg><732.4119><358.1325><0.2608696><1><746.4119><102.1325><-186.3553><134.6447><0><0.5565219, OMNI><AM_ENV-NatWind.ogg><735.683><548.9193><0.2717391><1, SPOT><AM_ENV-WinterHum.ogg><746.0737><221.9055><0.4456522><1><539.0737><255.9055><-183.3553><-200.3553><0><0.3826088, 
FadePalette: 0, 0.1521739
MorePalette0: 33, 0.5
MorePalette1: 367, 0.1086956
