DangerType: Flood
RainIntensity: 0.5326087
RumbleIntensity: 0.4347826
WaveSpeed: 0.4929512
WaveLength: 0.9964756
WaveAmplitude: 7.615602E-07
SecondWaveLength: 0.1666667
SecondWaveAmplitude: 0
Clouds: 0.02173913
Grime: 0.1847826
BkgDroneVolume: 0
Palette: 4
EffectColorA: 0
EffectColorB: 10
Effects: HeatWave-0-292-20, Flies-0-21-72, Fog-0-289-75, SilenceWater-0.326087-20-129, 
PlacedObjects: CustomDecal><21.5116><79.80032><16~338~1876~272~1903~-85~-52~-316~0.3152174~0.3152174~0~VeryBigSimple~0.07608695~0.5652174~0.07608695~0.5652174~0.07608695~0.5652174~0.07608695~0.5652174, CustomDecal><1582.947><236.5571><-47~452~313~455~322~-2~-424~-169~0.326087~0.3478261~0~BigCartoonHead~0.09782609~0~0.09782609~0~0.09782609~1~0.09782609~0, CustomDecal><-17.05621><63.69196><22~311~1723~351~1776~-70~279~-306~0.3152174~0.75~0~UNQ - Gas Mask~0.09782609~0~0.09782609~0~0.09782609~0.3695652~0.09782609~0.2717391, CustomDecal><1104.306><97.951><5~228~635~248~630~-43~77~283~0.3043478~0.4130435~0~GreenPink~0.1304348~0.07608695~0.1304348~0~0.1304348~0.5434783~0.1304348~1, CustomDecal><1830.945><238.2923><-16~306~153~313~148~-45~155~18~0~1~0~VerticalMess~0.1195652~1~0.1195652~0.6847826~0.1195652~0.6847826~0.1195652~0.6847826, CustomDecal><-29.05353><19.94272><-41~179~2021~173~1999~-1~595~-265~0~1~0~DirtyWaterLine~0.08695652~0.6413044~0.08695652~0.6413044~0.08695652~0.6413044~0.08695652~0.6413044, CustomDecal><359.9496><554.7627><-68~-554~1040~-582~1071~-217~494~-813~0~1~0~Rust1~0.1195652~1~0.1195652~1~0.1195652~1~0.1195652~1, LightSource><2070.893><549.1691><0.2934783~EffectColor2~-514~-177~-390~-127.3975~1~0~None~0~0, LightSource><692.8395><31.57117><0.06521739~EffectColor2~916~308~50~86.60254~1~0~None~0~0, 
AmbientSounds: OMNI><SO_WAT-DripTap.ogg><563.3016><471.6932><0.4565217><1, OMNI><SO_WAT-LilDrips.ogg><389.5055><469.3001><0.3695652><1, OMNI><AM_IND-Utility02.ogg><837.3013><645.9775><0><1, OMNI><SO_IND-HeatDuct.ogg><834.5117><576.3004><0><1, OMNI><AM_ENV-NatWind.ogg><849.8156><505.1725><0.3804348><1, OMNI><AM_ENV-WinterHum.ogg><651.5193><609.9491><0.2717391><1, 
FadePalette: 10, 0.9782609, 0.9782609
MorePalette0: 33, 0.1086956, 0.1086956
MorePalette1: 367, 0.1521739, 0.1956522
