RainIntensity: 0.5
RumbleIntensity: 0.5
Palette: 33
Effects: ReplaceEffectColorB-0-20-20-Color-0.08699898-0-0.02899966, 
PlacedObjects: DandelionPatch><1728.318><124.3331><27~129, DandelionPatch><899.9099><101.1201><0~100, DevToken><198.1953><565.5432><-51~-67~0~0~0~~~0~0~0~1~0~0~0~1~0~0~0~1~0~0~0~1~0~0~0~1, 
AmbientSounds: SPOT><AM_IND-12thFloor.ogg><871.1359><466.8358><0.3695652><1><1009.136><594.8358><-94.35535><-232.3553><0><0.8717393, OMNI><AM_ENV-LightWind.ogg><677.7458><589.05><0.2934783><1, SPOT><AM_IND-Utility02.ogg><686.221><471.8021><0.25><1><1543.221><684.8021><2.644653><-242.3553><0><0.654348, SPOT><AM_IND-Utility01.ogg><703.8051><339.2051><0.2826087><1><281.8051><683.2051><-134.3553><-180.3553><0><0.404348, 
FadePalette: 12, 0.2391304, 0.2391304
MorePalette0: 379, 1, 1
