RainIntensity: 0.02173913
RumbleIntensity: 0.02173913
Palette: 33
Effects: PixelShift-0.5-32-65, AboveCloudsView-0-20-20, LightBurn-0.04347826-32-96, SkyDandelions-0.2282609-24-133, 
PlacedObjects: DangleFruit><463.8067><816.0511><0~0~2~3, DangleFruit><478.8087><862.9413><0~0~2~3, DangleFruit><454.8906><915.1671><0~0~2~3, DandelionPatch><491.1093><1085.832><0~100, DeadTokenStalk><417.8667><1081.399><29~-36, DeadTokenStalk><486.1271><1079.404><-14~-36, BlueToken><462.0782><1133.648><-4~-89~58~106~1~VultureMask~~0~0~0~0~0~0~0~0~0~0~0~0~0~0~0~0, 
AmbientSounds: SPOT><AM_WIN-StrongWnd2.ogg><859.412><471.0704><0.1847826><1><459.412><1328.07><308.6447><-459.3553><0><1, 
FadePalette: 12, 0.2826087, 0.2391304
MorePalette0: 379, 1, 1
