Template: SI_SettingsTemplate_Inside
DangerType: Rain
RainIntensity: 0.4456522
RumbleIntensity: 0.5
Clouds: 0.1086956
Grime: 0.2282609
Palette: 33
EffectColorA: 10
EffectColorB: 21
Effects: SkyAndLightBloom-0-30-30, 
PlacedObjects: DataPearl><679.5629><1359.747><0~0~0~0~Misc~0, UniqueDataPearl><576.9341><337.172><0~0~0~0~SI_chat5~0, LightSource><568.7659><535.9873><0.2344095~EffectColor1~356.9742~9.289063~50~86.60254~0~0~None~0~0, 
FadePalette: 12, 0.1521739, 0.1521739
MorePalette0: 379, 1, 1
