RainIntensity: 0.4021739
RumbleIntensity: 0.4021739
Clouds: 0.2934783
Grime: 0.2934783
BkgDroneVolume: 0.2608696
Palette: 33
EffectColorA: 10
Effects: Flies-0.1195652-20-20, TinyDragonFly-0.06521739-284-17, Bloom-0.5045939-21.46249-84.96016, ReplaceEffectColorB-0-288.793-76.95624-Color-0.08119901-0-0.02899967, 
PlacedObjects: SeedCob><564.8549><576.5797><0~0~7~10, DeadSeedCob><393.1954><527.9575><, FirecrackerPlant><2126.303><481.4623><-129~90~2~3, InsectGroup><2597.165><381.8634><0~100~0~0~RockFlea~0.5, InsectGroup><1258.175><198.347><-22~124~-199~-223~TinyDragonFly~0.1413043, CustomDecal><1401.449><139.4788><-6~265~321~254~274~-28~-385~200~0.2608696~1~0~CartoonFace~0.0492358~0~0.0492358~0~0.0492358~0.4021739~0.0492358~0.6739131, CustomDecal><1637.365><107.3526><-16~151~359~141~330~-11~-340~243~0.3695652~1~0~GreyBubbly~0.05069633~0~0.05069633~0~0.05069633~0.9456522~0.05069633~0.8695652, CustomDecal><1549.447><113.714><-7~199~-481~151~-437~-10~79~279~0.1956522~1~0~GreySnoopy~0.09782609~1~0.09782609~1~0.09782609~1~0.09782609~1, CustomDecal><1096.664><122.8649><-31~220~194~209~210~-7~243~-363~0.3152174~1~0~BigM~0.03252378~0.7826087~0.03252378~0.7826087~0.03252378~0.7826087~0.03252378~0.7826087, CustomDecal><1061.66><102.3697><-60~93~822~142~783~6~-247~57~0.2391304~1~0~AwfulLongB&W~0.04270554~0~0.04270554~0~0.04270554~0.05434782~0.04270554~1, CustomDecal><1472.257><142.5501><-33~74~320~213~277~20~-518.6805~-143.1633~0.2391304~1~0~WhiteTagDecent~0.04881137~0~0.04881137~0~0.04881137~0.6521739~0.04881137~0, CustomDecal><1206.051><97.73199><-29~137~-112~98~-61~-13~425~-336~0.3043478~1~0~WhiteTag2~0.0905231~0~0.0905231~0~0.0905231~0.7391304~0.0905231~0.3586957, UniqueDataPearl><267.45><473.2528><0~0~0~0~SI_chat3~0, LightSource><2235.348><287.6664><0.3098085~EffectColor1~252.9234~45.57343~50~86.60254~0~0~None~0~0, LightSource><2740.716><288.1258><0.3098085~EffectColor1~252.9234~45.57343~50~86.60254~0~0~None~0~0, LightSource><865.6672><290.9281><0.3098085~EffectColor1~252.9234~45.57343~50~86.60254~0~0~None~0~0, LightSource><377.9625><289.8609><0.3098085~EffectColor1~252.9234~45.57343~50~86.60254~0~0~None~0~0, 
AmbientSounds: SPOT><AM_ENV-LightWind.ogg><751.9578><521.6955><0.3695652><1><1563.958><561.6955><-317.3553><51.64465><0><0.6652175, SPOT><AM_IND-Utility02.ogg><745.8909><392.4176><0.3478261><1><1550.891><20.41763><-269.3553><15.64466><0><0.4152175, OMNI><AM_ENV-Outside.ogg><658.1848><638.3265><0.4565217><1, 
FadePalette: 12, 0.2391304, 0.2934783, 0.2391304
MorePalette0: 379, 1, 1, 1
