RainIntensity: 0.5
RumbleIntensity: 0.5
Palette: 33
Effects: SkyDandelions-0.1630435-20-20, ReplaceEffectColorB-0-30-30-Color-0.08699898-0-0.02899966, 
AmbientSounds: OMNI><AM_ENV-LightWind.ogg><862.3031><507.7148><0.2065217><1, SPOT><AM_WIN-StrongWnd2.ogg><838.4425><384.5542><0.2173913><1><2728.442><-42.44572><-178.3553><26.64466><0><0.6652175, SPOT><AM_WIN-StrongWnd2.ogg><816.7578><257.9499><0.1195652><1><1303.758><-52.05014><-145.3553><91.64466><0><0.6869566, SPOT><AM_WIN-StrongWnd2.ogg><649.7707><377.3011><0.1630435><1><-66.22925><61.30109><279.6447><-32.35534><0><0.4369566, DIR><AM_IND-Utility02.ogg><676.1003><518.3673><0.1847826><1><7.901604><0, 
FadePalette: 12, 0.2391304, 0.2934783, 0.3478261
MorePalette0: 379, 1, 1, 1
