RainIntensity: 0.6630435
RumbleIntensity: 0.6630435
Palette: 33
Effects: ReplaceEffectColorB-0-20-20-Color-0.02685116-0-0.0181301, 
PlacedObjects: InsectGroup><703.8003><1829.012><-49~123~0~0~StandardFly~0.2173913, InsectGroup><235.9257><199.8456><-143~294~0~0~StandardFly~0.3043478, InsectGroup><1075.784><459.5529><-237~195~6~-241~StandardFly~0.3152174, SeedCob><880.3923><394.0814><196~-254~7~10, DeadSeedCob><837.61><359.8929><, ReliableSpear><466.1665><384.8892><, CustomDecal><732.8702><1565.59><-1~738~340~760~305~8~-350~325~0.2826087~1~0~Rust1~0.08248968~1~0.08248968~1~0.08248968~1~0.08248968~1, CustomDecal><303.0377><1645.696><-2~646~360~656~341~3~-194~224~0.2282609~1~0~Rust2~0.08111423~1~0.08111423~1~0.08111423~1~0.08111423~1, LightSource><679.8579><1193.436><0.2460088~EffectColor1~147.8055~128.8141~50~86.60254~0~0~None~0~0, LightSource><680.2266><1470.341><0.2460088~EffectColor1~147.8055~128.8141~50~86.60254~0~0~None~0~0, 
AmbientSounds: SPOT><AM_ENV-NatWind.ogg><677.3925><577.3596><0.4021739><1><449.3925><1420.36><-317.3553><-129.3553><0><0.3717393, DIR><AM_ENV-Outside.ogg><749.1245><471.8435><0.4347826><1><171.545><0, 
FadePalette: 12, 0.1847826, 0.1956522, 0.1413043
MorePalette0: 379, 1, 1, 1
