RainIntensity: 0.4130435
RumbleIntensity: 0.4891304
Clouds: 0.1195652
Grime: 0.173913
BkgDroneVolume: 0.2608696
Palette: 33
EffectColorA: 10
EffectColorB: 21
PlacedObjects: CustomDecal><87.20779><1688.554><-15~406~918~401~881~-20~-227~163~0.1572436~1~0~UNQ - Triple Landscape~0~0~0.07781087~0~0~0.2391304~0.07781087~0.4673913, CustomDecal><574.2271><1807.699><-12~119~-350~43~-313~-71~45.17664~-84.91095~0.1847826~1~0~WhiteJunkArrows~0.03252378~0~0.03252378~0~0.03252378~0.3478261~0.03252378~0.5760869, CustomDecal><-6.975647><1219.052><-36~1686~991~1691~879~13~158~849~0~1~0~RustB3~0~1~0~1~0~1~0~1, CustomDecal><396.9313><478.8345><-14~261~303~255~270~-8~-393~-117~0.1956522~1~0~OrangePink~0.04059932~0.08695652~0.04059932~0.1630435~0.04059932~0.8260869~0.04059932~0.6521739, CustomDecal><452.8191><500.3352><0~177~209~174~209~0~7~-348~0.1956522~1~0~WhiteFs~0.04059899~0~0.04059899~0~0.04059899~0.4891304~0.04059899~0.3695652, KarmaFlower><919.8308><1859.317><0~0~5~7, 
AmbientSounds: SPOT><AM_IND-Utility02.ogg><860.3003><467.7395><0.3804348><1><544.3003><433.7395><-160.3553><11.64465><0><0.4695654, SPOT><AM_ENV-LightWind.ogg><864.053><341.1929><0.5><1><550.053><2304.193><-232.3553><-12.35535><0><0.5891306, SPOT><SO_IND-Fridge.ogg><858.5458><229.3053><0.2065217><0.7456522><-32.45416><1935.305><-105.3553><-30.35535><0><0.3717393, 
FadePalette: 12, 0.2391304, 0.1847826, 0.1195652
MorePalette0: 379, 1, 1, 1
