RainIntensity: 0.4021739
RumbleIntensity: 0.423913
Palette: 33
Effects: SkyDandelions-0.5869565-20-20, ReplaceEffectColorB-0-30-30-Color-0.08119898-0-0.02899966, 
PlacedObjects: DandelionPatch><395.3013><134.2736><15~134, ReliableSpear><1693.115><128.9134><, ReliableSpear><1776.904><130.9252><, DandelionPatch><2753.664><218.4304><0~100, DandelionPatch><3598.197><191.5362><0~100, 
AmbientSounds: OMNI><AM_ENV-LightWind.ogg><686.8946><583.08><0.2934783><1, SPOT><AM_WIN-HowlingWnd.ogg><869.9518><474.1941><0.25><0.8630434><2461.952><77.19409><-284.3553><-149.3553><0><0.3934784, 
FadePalette: 12, 0.25, 0.1847826, 0.2173913, 0.25
MorePalette0: 379, 1, 1, 1, 1
