Template: NONE
WaveSpeed: 0.487534
WaveLength: 0.993767
WaveAmplitude: 0
SecondWaveLength: 0.1666667
SecondWaveAmplitude: 0
Clouds: 0.173913
Grime: 0.2826087
BkgDroneVolume: 0.2469565
Palette: 5
EffectColorA: 10
EffectColorB: 21
Effects: FastFloodPullDown-0.52-20-20, FastFloodDrain-0.125-25-79, LightBurn-0.3043477-30-30, 
PlacedObjects: DangleFruit><131.6909><467.1904><-244~64~2~3, DangleFruit><165.0502><523.2596><-309~-90~2~3, CustomDecal><1003.7><160.0048><-26~323~-294~318~-723~134~-1037~117~0.05434782~0.3478261~0~GhostGraffiti~0~0.5978261~0~0.5978261~0~0.5978261~0~0.5978261, CustomDecal><254.3058><337.5479><0~137~254~137~254~0~-348~-191~0.326087~0.4456522~0~CartoonMouth~0.04348373~0~0.04348373~0~0.04348373~0.3695652~0.04348373~0.5869565, CustomDecal><132.5502><253.2599><0~200~351~200~351~0~-123~-313~0.2934783~0.3586957~0~GreySnoopy~0.1195652~0.8260869~0.1195652~0.8260869~0.1195652~0.8260869~0.1195652~0.8260869, CustomDecal><97.81567><144.8277><-13~477~473~399~419~-30~444~87~0~1~0~Rust1~0~1~0~1~0~1~0~1, CustomDecal><949.8955><282.4205><0~117.1348~-261.1716~127.1348~-283.1716~6~-733~-173~0.2934783~1~0~WhiteBigTag~0.1413043~0.5869565~0.1413043~0.5978261~0.1413043~1~0.1413043~0.6630435, CustomDecal><718.3033><290.5364><0~99~131~99~131~0~-329~-5~0.3152174~1~0~TeethMan~0.2065217~0~0.2065217~0~0.2065217~0.75~0.2065217~0.6086956, Hazer><798.5751><302.903><0~0~7~19, LightSource><328.6812><452.334><0.2065217~Environment~265.9999~-2~50~86.60254~1~0~None~0~0, LightSource><325.9813><407.8009><0.2173913~EffectColor1~0~100~50~86.60254~1~0~None~0~0, LanternOnStick><119.1658><517.3186><-35~-48, LanternOnStick><618.1868><415.6784><10~-99, 
AmbientSounds: SPOT><Basic Mech.ogg><756.3309><163.8568><0.173913><1><328.3309><415.8568><-139.3553><-93.35535><0><0.5673915, SPOT><AM_IND-ElectricHum01.ogg><772.8277><294.1484><0.1847826><1><307.8277><424.1484><-35.35534><-35.35534><0><0.2413045, 
FadePalette: 32, 0.3695652
MorePalette0: 367, 0.9021739
MorePalette1: 10, 0.8043478
