RainIntensity: 0.7391304
RumbleIntensity: 0.7282609
Clouds: 0.09782609
Grime: 0.3478261
BkgDroneVolume: 0.2469565
Palette: 5
EffectColorA: 10
Effects: FireFlies-0.25-288-21, 
PlacedObjects: CustomDecal><765.8051><102.7052><-5~77~301~101~269~-7~117.0001~-361~0.1521739~0.3913043~0~YCIO~0.08695652~0.4782609~0.08695652~0.4782609~0.08695652~0.4782609~0.08695652~0.4782609, CustomDecal><-53.84729><66.82526><-52~533~392~526~361~-1~211~-299~0.06521739~1~0~RustB2~0.1630435~1~0.1630435~1~0.1630435~1~0.1630435~1, LightSource><597.8052><609.8077><0.1847826~EffectColor1~363~45~-127~-197.3975~1~1~None~0~0, 
AmbientSounds: SPOT><SO_IND-Boiler.ogg><781.9373><442.5601><0.25><1><482.9373><222.5053><-108.3553><-78.35535><0><0.502174, SPOT><SO_IND-FactoryM.ogg><633.4019><247.1743><0.2282609><0.8043478><1045.402><266.1743><-57.35535><-82.35535><0><0.2956523, 
FadePalette: 33, 0.6739131
MorePalette0: 10, 0.8043478
