Clouds: 0.3152174
BkgDroneVolume: 0.2469565
Palette: 5
EffectColorA: 10
EffectColorB: 2
Effects: ReplaceEffectColorB-0-308-45-Color-0.04347826-0-0.0326087, 
PlacedObjects: InsectGroup><983.0619><371.5598><-123~94~-76~188~StandardFly~0.4456522, FlyLure><1086.609><222.1084><-25~-181~4~9, FlyLure><1003.413><240.8201><41~-114~4~9, CustomDecal><408.8221><301.5915><1~50~44~52~56~-2~-480~-308~0~1~0~HotdogDefacement~0.2065229~0.4021739~0.2065229~0.4021739~0.2065229~0.4021739~0.2065229~0.4021739, CustomDecal><671.2681><360.6992><0~51~61~50~68~0~-720~-59~0~1~0~HotdogDefacement~0.2065217~0.5543478~0.2065217~0.5543478~0.2065217~0.5543478~0.2065217~0.5543478, CustomDecal><539.8517><323.9222><-6~42~54~48~57~-4~118~-352~0~1~0~HotdogDefacement~0.2065219~0.7826082~0.2065219~0.7826082~0.2065219~0.7826082~0.2065219~0.7826082, CustomDecal><580.6967><200.2861><7~49~54~53~59~-6~-347~-214~0~1~0~HotdogDefacement~0.3043478~0.2173913~0.3043478~0.2173913~0.3043478~0.2173913~0.3043478~0.2173913, LightSource><264.5852><285.4309><0.3043478~EffectColor1~334~73~50~86.60254~1~0~None~0~0, LightSource><249.8018><286.2228><0.06521739~EffectColor1~262~78~63~202.6025~1~1~None~0~0, 
AmbientSounds: SPOT><AM_IND-DeepHum.ogg><781.8713><312.0969><0.3369565><1><631.8713><236.0969><-35.35534><-35.35534><0><0.4260871, SPOT><AM_IND-DeepHum.ogg><799.1127><176.3347><0.3586957><1><1112.113><216.3347><-30.35535><-31.35535><0><0.4260871, 
FadePalette: 15, 0.4565217, 0.4021739
MorePalette0: 367, 0.9021739, 0.9021739
MorePalette1: 10, 0.5, 0.5
