Clouds: 0.2282609
Grime: 0.3043478
Palette: 5
EffectColorA: 10
EffectColorB: 21
Effects: Fog-0.02173913-20-20, Flies-0.1630435-25-102, 
PlacedObjects: InsectGroup><758.1946><318.6922><-27~118~0~0~RockFlea~0.3043478, InsectGroup><206.8851><154.6475><0~100~-165~133~Ant~0.4021738, InsectGroup><561.0408><469.5542><-51~121~0~0~TinyDragonFly~0.1630435, CustomDecal><420.6123><157.1049><-60~665~175~664~111~-3~-573~-14~0.6195652~1~0.1413043~rustb3~0.1086956~0.2826087~0.1086956~0.4673913~0.1086956~0.6956522~0.1086956~0.8913044, CustomDecal><579.9149><130.681><8~102~101~85~105~-20~-539~241~0.3043478~1~0.01086957~hotdogdefacement~0.09782609~0.1086956~0.09782609~0.3913043~0.09782609~0.25~0.09782609~0.173913, CustomDecal><743.4791><566.5511><-16~76~98~97~140~30~-920~-177~0.6413044~1~0.326087~whitetag8~0.3043478~0.2065217~0.3043478~0.06521739~0.3043478~0.1847826~0.3043478~0.423913, CustomDecal><285.9353><379.9247><-20~80~112~69~134~-20~308~-257~0~1~0.06527573~whitetag5~0.1413043~0.3043478~0.1413043~0.3043478~0.1413043~0.3043478~0.1413043~0.3043478, CustomDecal><184.382><118.1503><-5~101~193~80~171~0~-362~-213~0.3043478~1~0~whitejunk2~0.1413043~0.3913043~0.1413043~0.3913043~0.1413043~0.3913043~0.1413043~0.3913043, LanternOnStick><871.3><651.5037><32~-94, 
AmbientSounds: SPOT><SO_IND-HeatDuct.ogg><730.3876><448.1451><0.5760869><0.9217392><403.3876><219.1451><-35.35535><-95.35535><0><0.1108697, SPOT><AM_WIN-NiceWnd.ogg><261.6035><534.4211><0.5><1><817.6035><693.4211><-174.3553><-61.35535><0><0.2413045, 
FadePalette: 20, 0.1521739
MorePalette0: 367, 1
MorePalette1: 10, 0.7608696
