Clouds: 0.1956522
BkgDroneVolume: 0.2469565
Palette: 5
EffectColorA: 0
EffectColorB: 2
Effects: Darkness-0.5217393-17-76, ReplaceEffectColorB-0-318-34-Color-0.173913-0-0.07608695, 
PlacedObjects: CustomDecal><310.3696><1142.402><-20~387~187~510~158~-33~-373~-45~0.6304348~1~0~Rust1~0.07608695~0.8695652~0.07608695~0.8695652~0.07608695~0.8695652~0.07608695~0.8695652, CustomDecal><678.0038><286.95><-58~158~190~183~194~-14~-366~-146~0.2173913~1~0~junkGraffiti6~0.1630435~0.2717391~0.1630435~0.2717391~0.1630435~0.2717391~0.1630435~0.2717391, CustomDecal><692.5501><319.2562><-3~91~98~102~105~-9~-731~-40~0.326087~0.3913043~0~WhiteTag~0.1195652~0.1630435~0.1195652~0.1630435~0.1195652~0.1630435~0.1195652~0.1630435, InsectGroup><735.0502><359.492><74~118~-290~332~StandardFly~0.1847826, NeedleEgg><165.6926><701.1964><0~0~4~9, WhiteToken><919.5975><380.8705><-48~-77~-218~233~0~Chatlog_Broadcast5~White|Yellow|Rivulet|Saint~0~1~0~0~0~1~0~0~0~1~0~0~0~1~0, DataPearl><921.7895><321.446><-529~193~0~0~BroadcastMisc~1, Filter><981.3223><269.0635><0~100~-356~-140~Red|Artificer|Spear|Gourmand, LanternOnStick><63.93512><382.0757><19.00002~-61, LanternOnStick><843.7803><381.4477><-18~-58, LanternOnStick><725.6391><964.6062><-12~-49, 
FadePalette: 15, 0.3478261, 0.3369565
MorePalette0: 367, 0.9021739, 0.9021739
