Template: HI_SettingsTemplate_Inside
DangerType: Flood
Clouds: 0.2282609
Grime: 0.326087
BkgDroneVolume: 0
Palette: 5
EffectColorA: 1
EffectColorB: 21
Effects: Flies-0.1956522-353-160, Ant-0.1086956-20-20, RockFlea-0.1086956-30-30, 
PlacedObjects: LightSource><602.6184><339.5888><0.05434782~Environment~-373~263~399~274.6025~1~0~None~0~1, LightSource><362.8293><279.6836><0.08695652~Environment~-220~144~551~200.6025~1~0~None~0~1, InsectGroup><606.377><406.3454><0~100~373~71~Moth~0.1521739, CustomDecal><284.4294><172.8385><19~311~162~293~178~-45~-339~-293~0.1956522~1~0~rust2~0.09782609~1~0.09782609~1~0.09782609~1~0.09782609~1, CustomDecal><459.105><284.4202><35~380~300~400~311~-260~525~-318~0~1~0~rust3~0~1~0~1~0~1~0~1, CustomDecal><661.9346><240.4229><33~350~291~293~290~-232~-518~206~0~1~0~blackrust1~0.1630435~1~0.1630435~1~0.1630435~1~0.1630435~1, CustomDecal><437.0702><148.6624><64~155~295~130~256~-6~113~218~0.3152174~1~0~chaoticb&w2~0.1086956~0.2391304~0.1086956~0.2391304~0.1086956~0.2391304~0.1086956~0.2391304, CustomDecal><269.8795><155.4024><-3~125~278~125~252~-9~-385~-52~0.3152174~1~0~greysnakes~0.02173913~0.1630435~0.02173913~0.1630435~0.02173913~0.1630435~0.02173913~0.1630435, CustomDecal><254.5535><172.7129><-14~69~134~97~151~18~-421~110~0.3152174~1~0~whitetag4~0.1195652~0.1630435~0.1195652~0.1630435~0.1195652~0.1630435~0.1195652~0.1630435, LanternOnStick><601.8893><249.6065><7~-83, 
AmbientSounds: OMNI><AM_IND-Warehouse01.ogg><609.6518><616.1302><0.3804348><0.823913, OMNI><AM_IND-Midsex01.ogg><70.06488><512.1743><0.2282609><0.9804348, OMNI><AM_IND-Utility02.ogg><828.4963><607.3><0.4021739><1, SPOT><AM_IND-DeepHum.ogg><211.9864><239.1995><0.3913043><1.156522><230.9864><436.1995><-88.35535><17.64465><0.08695652><0.1434784, SPOT><AM_ENV-LightWind.ogg><611.0903><392.6784><0.423913><0.6086956><585.0903><365.6784><-140.3553><-113.3553><0.05434782><0.1760871, 
FadePalette: 20, 0.2282609
MorePalette0: 10, 1
