Clouds: 0.2934783
BkgDroneVolume: 0.2469565
Palette: 5
EffectColorB: 21
Effects: LightBurn-0.1086956-20-78, Darkness-0.5-30-30, 
PlacedObjects: DataPearl><845.0889><903.6316><35~-74~0~0~Misc~0, FirecrackerPlant><753.655><917.3765><-846~230~2~3, FirecrackerPlant><730.2531><919.2><-824~138~2~3, KarmaFlower><572.6156><233.0868><0~0~5~7, CustomDecal><597.651><1315.119><1~137~129~149~135~38~-260~-487~0.7391304~1~0~UglyTag~0.4782609~0.2391304~1~0.2391304~0.2391304~0.2391304~1~0.5, LanternOnStick><641.6981><953.709><-25~-42, LanternOnStick><732.2897><976.0237><18~-68, 
AmbientSounds: SPOT><Mech Basic.wav><777.6697><518.3941><0.2282609><1><966.6697><948.3943><-62.35535><-43.35535><0><0.404348, SPOT><AM_ENV-NatWind.ogg><764.7394><415.4497><0.5><1><63.74652><1244.023><-135.3553><-230.3553><0><0.6326088, 
FadePalette: 15, 0.3695652, 0.3695652
MorePalette0: 367, 0.9021739, 0.9021739
