RainIntensity: 0.7065217
RumbleIntensity: 0.7065217
Clouds: 0.2608696
BkgDroneVolume: 0.2469565
Palette: 5
EffectColorB: 2
Effects: Flies-0.09782609-20-20, DayNight-0.1413043-19-85, FireFlies-0.2826087-30-30, 
PlacedObjects: CustomDecal><245.824><1045.345><-5~349~179~369~192~44~-277~115~0~1~0~Rust2~0.5~0.7173913~0.5~0.7173913~0.2065217~0.7173913~0.1413043~0.7173913, CustomDecal><936.9998><1085.55><0~114~82~111~103~6~153.9999~-394~0.326087~1~0~WhiteBubblyS~0.6195652~0~0.6847826~0~0.2934783~0.8260869~1~1, Rainbow><449.9176><1257.182><-297~223~-70~-392~0,0,0.4673913,0.7826087,0.8043478,0.09565204, DayNightSettings><393.9356><1151.675><179~55.66025~5~15, LightBeam><96.19885><489.7285><-281~1335~1299~1183~1168~1~118~447~0.08478181~0~0~1~None~0~0, 
AmbientSounds: DIR><AM_WIN-NiceWnd.ogg><743.6945><229.9422><0.2826087><1><5.158369><0, SPOT><SO_IND-Generator.ogg><736.3882><351.8554><0.1956522><1><532.3882><900.8555><-100.3553><-29.35534><0><0.4913045, SPOT><AM_ENV-NatWind.ogg><103.159><485.8714><0.5><1><44.159><1172.871><-127.3553><-180.3553><0><0.3826087, 
FadePalette: 33, 0.6413044, 0.75
