Clouds: 0.2608696
BkgDroneVolume: 0.2469565
Palette: 5
EffectColorB: 2
Effects: Flies-0.09782609-20-20, Darkness-0.5000002-30-30, LightBurn-0.1521737-40-40, ReplaceEffectColorB-0-316-43-Color-0.04347826-0-0.0326087, 
PlacedObjects: CustomDecal><936.9998><1085.55><0~114~82~111~103~6~153.9999~-394~0.326087~1~0~WhiteBubblyS~0.04347826~0~0.04347826~0~0.04347826~0.8260869~0.04347826~1, LanternOnStick><535.3991><1467.077><11~-37, 
AmbientSounds: DIR><AM_WIN-NiceWnd.ogg><743.6945><229.9422><0.2826087><1><5.158369><0, SPOT><SO_IND-Generator.ogg><736.3882><351.8554><0.1956522><1><532.3882><900.8555><-100.3553><-29.35534><0><0.4913045, SPOT><AM_ENV-NatWind.ogg><103.159><485.8714><0.5><1><44.159><1172.871><-127.3553><-180.3553><0><0.3826087, 
FadePalette: 15, 0.4891304, 0.4456522
MorePalette0: 367, 0.9021739, 0.9021739
