Clouds: 0.2065217
Grime: 0.3586957
Palette: 5
EffectColorB: 21
Effects: Fog-0.05434782-20-20, Flies-0.1956522-170-20, Beetle-0.2065217-84-63, RockFlea-0.173913-61-105, TinyDragonFly-0.07608695-65-131, ReplaceEffectColorB-0-324-178-Color-0.2608696-0-0, 
PlacedObjects: DeadSeedCob><440.5363><383.3033><, DeadSeedCob><504.6001><342.3268><, CustomDecal><396.8007><74.51788><-36~289~127~290~77~-4~-574.0149~183.0004~0.1847826~1~0~rust1~0.07608695~0.6304348~0.07608695~0.7282609~0.07608695~0.8913044~0.07608695~1, CustomDecal><199.3074><71.05435><-20~292~136~292~97~-1~-373~263~0.1956522~1~0~rustb3~0.1521739~0.6956522~0.1521739~0.8152174~0.1521739~0.9130435~0.1521739~1, CustomDecal><91.69769><267.9702><26~88~255~42~223~-100~-264.9992~15.95569~0.1847826~1~0~wetwhite~0.1304348~0.2391304~0.1304348~0.2391304~0.1304348~0.2391304~0.1304348~0.2391304, CustomDecal><422.2358><220.1995><-95~155~250~177~327~59~-594~17~0.6630435~1~0~greenwhite(var)~0.07608695~0.25~0.07608695~0.25~0.07608695~0.25~0.07608695~0.25, CustomDecal><10.05951><116.6909><-49~737~577~738~525~-157~-184~195~0.6521739~1~0~rustb3~0.2608696~1~0.2608696~1~0.2608696~1~0.2608696~1, LanternOnStick><478.3677><592.392><-7~-65, LanternOnStick><736.1321><372.0885><20~-85, LanternOnStick><155.1149><358.1115><-29~-117, LanternOnStick><162.0541><290.1979><-1~-56, 
FadePalette: 15, 0.2608696
MorePalette0: 367, 0.9021739
MorePalette1: 10, 0.5
