Template: HI_SettingsTemplate_Inside
RainIntensity: 0.7065217
RumbleIntensity: 0.7173913
WaveSpeed: 0.4847645
WaveLength: 0.919375
WaveAmplitude: 0.03510292
SecondWaveLength: 0.1666667
SecondWaveAmplitude: 0
Effects: DayNight-0.1413043-20-20, FireFlies-0.3369565-31-76, Darkness-0.3043477-26-133, 
PlacedObjects: ReliableSpear><537.3722><1005.347><, ReliableSpear><905.8149><1013.576><, InsectGroup><768.0539><1393.461><-153~97~-66~92~Moth~0.5000004, InsectGroup><256.6531><1021.925><-153~-19~0~0~WaterGlowworm~0.5, CustomDecal><114.2817><1070.448><-432~556~891~574~996~-265~497~-235~0~1~0~Vertical Pink~0.1630435~0.3586957~0.1630435~0.9239131~0.1630435~0.9239131~0.1630435~0.9239131, CustomDecal><-11.31146><971.3168><309~644~1090~699~1282~-113~657.9999~205~0~1~0~Big Letters~0.1413043~0.6195652~0.1413043~0.2826087~0.1413043~0.5978261~0.1413043~0.4130435, CustomDecal><137.3849><991.3364><-7~449~850~461~853~-19~16~306~0.3804348~1~0~HugeShiny~0.1521739~0.04347826~0.1521739~0~0.1521739~0.1195652~0.1521739~0, CustomDecal><135.0654><1090.577><-36~421~267~451~312~-3~-218~-333~0.6521739~1~0~BigCartoonHead~0.2934783~0.2608696~0.2934783~0.2065217~0.2934783~0~0.2934783~0, CustomDecal><709.05><1061.496><4~243~347~274~295~-18~-259.9999~265~0.6413044~1~0~PR~0.1195646~0.2391304~0.1195646~0~0.1195646~0~0.1195646~0.3369565, CustomDecal><505.5674><1105.562><-22~66~60~120~96~7~-387~-123~0.3804348~1~0~WhiteTag~0.1630435~0~0.1630435~0~0.1630435~0.3695652~0.1630435~0.4347826, CustomDecal><241.3029><1126.466><-6~82~190~85~167~1~-319~55~0.6630435~1~0~junkGraffiti2~0.2173913~0~0.2173913~0~0.2173913~0.2717391~0.2173913~0.5, CustomDecal><100.4183><1125.608><11~138~276~160~289~-23~-367~115~0.6521739~1~0~ShinyTag(Var)~1~0~1~0~0~0.3695652~0.6521739~0.4456522, CustomDecal><192.936><951.1769><-57~172~906~191~847~2~-8.999969~-257~0.1630435~0.4021739~0~Long Tag~0.2173913~0.4673913~0.2173913~0.4673913~0.2173913~0.4673913~0.2173913~0.4673913, CustomDecal><80.57947><1132.646><31~483~347~524~292~-32~782~-113~0.326087~1~0~RustB1~0.1304348~0.9130435~0.1304348~0.9130435~0.1304348~0.9130435~0.1304348~0.9130435, CustomDecal><380.4489><578.5212><-8~430~139~432~137~-5~-531~-229.0003~0~1~0~RustB2~0.1521739~0.6630435~0.1521739~0.6630435~0.1521739~0.6630435~0.1521739~0.6630435, CustomDecal><403.0612><642.5596><-5~375~95~382~90~1~451~-164~0~1~0~RunningWhite~0.2065219~1~0.2065219~1~0.2065219~1~0.2065219~1, CustomDecal><560.8879><401.395><14~649~144~674~140~-8~-375~-176~0~1~0~RustB2~0.2282609~1~0.2282609~1~0.2282609~0~0.2282609~0, CustomDecal><753.8636><571.4146><-19~417~134~426~115~-21~-130~-479~0~1~0~RustB3~0.1956523~0.7173911~0.1956523~0.7173911~0.1956523~0.7173911~0.1956523~0.7173911, CustomDecal><687.6621><703.8671><-2~326~-101~324~-105~-2~-450~-159~0~1~0~RunningWhite~0.1630435~1~0.1630435~1~0.1630435~1~0.1630435~1, CustomDecal><761.9008><629.0764><-8~383~93~385~92~8~-218.9999~-122~0~1~0~RunningWhite~0.2173913~1~0.2173913~1~0.2173913~1~0.2173913~1, DevToken><816.5632><1159.44><61~23~74.00006~180~0~~~0~0~0~1~0~0~0~1, DayNightSettings><387.0789><2045.006><5~8.660254~5~20, 
AmbientSounds: SPOT><AM_ENV-LightWind.ogg><122.8796><443.6523><0.3043478><1><524.8796><2052.652><-100.3553><-27.35535><0><0.1, SPOT><AM_IND-Utility01.ogg><442.9618><178.5537><0.4130435><1><80.96179><1066.554><-104.3553><-96.35535><0><0.1326088, 
FadePalette: 33, 0.5108696, 0.5869565, 0.6630433
MorePalette0: 10, 0.4782609, 0.5108696, 0.5217391
