Template: HI_SettingsTemplate_Inside
DangerType: Rain
RainIntensity: 0.7173913
RumbleIntensity: 0.7173913
WaveSpeed: 0.484176
WaveLength: 0.9140717
WaveAmplitude: 0.03048573
SecondWaveLength: 0.1666667
SecondWaveAmplitude: 0
Effects: FireFlies-0.25-20-80, Darkness-0.3043478-21-134, 
PlacedObjects: CustomDecal><52.05072><1567.233><-19~174~696~146~533~1~-206~4~0~0.3695652~0~BlueWhiteJunk~0.2173913~1~0.2173913~1~0.2173913~1~0.2173913~1, CustomDecal><134.1949><1662.545><-41~218~171~140~195~-10~-301~235~0.5434783~1~0~medusa~0.1847824~0.2391304~0.1847824~0.2391304~0.1847824~0.2391304~0.1847824~0.2391304, CustomDecal><680.5692><1498.086><1~318~126~318~170~-26~-578~411~0.06521739~1~1~RunningWhite~0.2608695~1~0.2608695~1~0.2608695~1~0.2608695~1, CustomDecal><272.7566><1726.3><180~540~776~524~753~-110~-458~172~0~1~1~Rust3~0.228261~1~0.228261~1~0.228261~1~0.228261~1, CustomDecal><115.2833><1693.053><-88~395~576~376~456~-24~2~225~0.5434783~1~1~BoneType~0.2391304~0.3478261~0.2391304~0.3478261~0.2391304~0.3478261~0.2391304~0.3478261, CustomDecal><485.1463><1642.921><-141~408~496~602~414~-102~-371~247~0.6195652~1~0~PillMan~0.173913~0.3369565~0.173913~0.3369565~0.173913~0.3369565~0.173913~0.3369565, CustomDecal><357.7642><1258.449><-51~396~173~400~144~-12~-510~-154~0.2065217~1~0~Rust2~0.228261~1~0.228261~1~0.228261~1~0.228261~1, CustomDecal><169.93><1257.337><-28~403~154~364~165~-27~-75~-433~0.2173913~1~0~Rust2~0.2282609~1~0.2282609~1~0.2282609~1~0.2282609~1, CustomDecal><161.4409><1020.559><1~216~556~205~579~-247~-55~112~0.1086956~1~0~ThreeFaces~0.2065217~0.6413044~0.2065217~0.6413044~0.2065217~0.6413044~0.2065217~0.6413044, DangleFruit><183.643><1846.89><196~54~2~3, DangleFruit><214.3245><1810.654><88~6~2~3, CustomDecal><675.9411><1507.941><-23~272~187~275~116~-33~-270.0001~384~0.2282609~1~0.75~Rust2~0.1956528~0.9456522~0.1956528~0.9456522~0.1956528~0.9456522~0.1956528~0.9456522, CustomDecal><18.19312><1490.942><-186~610~863~762~985~-17~676~419~0.5326087~1~1~Rust2~0.1739134~1~0.1739134~1~0.1739134~1~0.1739134~1, DayNightSettings><194.1723><481.1843><5~8.660254~5~20, 
AmbientSounds: SPOT><SO_WAT-MoreDrips.ogg><740.9459><606.7902><0.423913><1><696.9459><414.983><-149.3553><-275.3553><0><0.5565219, SPOT><SO_IND-MechHum03.ogg><730.4449><339.9553><0.3804348><1><814.4449><2143.955><-83.35535><-124.3553><0><0.4478262, 
FadePalette: 33, 0.4456522, 0.4891304, 0.5108696
MorePalette0: 10, 0.6195652, 0.6521739, 0.6956522
