RainIntensity: 0.7282609
RumbleIntensity: 0.7065217
Clouds: 0.1847826
Grime: 0.3913043
BkgDroneVolume: 0.2469565
Palette: 5
EffectColorA: 10
EffectColorB: 2
Effects: DayNight-0.2934783-19-80, FireFlies-0.3043478-289-54, 
PlacedObjects: FlyLure><1731.476><180.8649><0~0~4~9, CustomDecal><2369.692><386.6915><-17~301~154~504~146~15~-44~-375.003~0.6413044~1~0~Rust1~0.4347826~1~0.4347826~1~0.4347826~1~0.4347826~1, CustomDecal><2661.803><275.7168><-125~117~328~437~642~180~-617~-72~0.3043478~0.4128232~0~Long Tag~0.5~0.8369565~0.2282609~0.8369565~0.5~0.8369565~0~0.8369565, CustomDecal><2888.098><357.4243><-42~169~222~216~156~8~-354~-6~0.2173913~0.4765479~0~Actual Vertical Pink~0.4130435~0.3478261~0.4130435~0.3478261~0.4130435~0.3478261~0.4130435~0.3478261, CustomDecal><317.3796><395.5903><-3~53~55~54~49~-5~91~-181~0~1~0~Ghostling2~0.5652174~0.1847826~0.7173913~0~0.5543478~0~0.1086956~0, DayNightSettings><734.3881><519.6658><5~8.660254~5~15, LightBeam><147.8565><174.1693><77~617~2974~584~2966~-10~0~0~0.1065216~0~0~1~None~0~0, 
AmbientSounds: SPOT><Basic Mech.ogg><697.3133><163.9397><0.1413043><1><354.5545><128.4535><-3.355347><-84.35535><0><0.2630436, 
FadePalette: 33, 0.6521739, 0.6086956, 0.6521739
MorePalette0: 37, 0.0326087, 0.04347826, 0.0326087
