Template: HI_SettingsTemplate_Inside
DangerType: FloodAndRain
WaveSpeed: 0.5069939
WaveLength: 0.9965031
WaveAmplitude: 1.81667E-09
SecondWaveLength: 0.1666667
SecondWaveAmplitude: 0
PlacedObjects: CustomDecal><52.05072><1567.233><-19~174~696~146~533~1~-206~4~0~0.3695652~0~BlueWhiteJunk~0~1~0~1~0~1~0~1, CustomDecal><134.1949><1662.545><-41~218~171~140~195~-10~-301~235~0.5434783~1~0~medusa~0~0.2391304~0~0.2391304~0~0.2391304~0~0.2391304, CustomDecal><680.5692><1498.086><1~318~126~318~170~-26~-952~369~0.06521739~1~1~RunningWhite~0~1~0~1~0~1~0~1, CustomDecal><272.7566><1726.3><180~540~776~524~753~-110~-458~156~0~1~1~Rust3~0~1~0~1~0~1~0~1, CustomDecal><115.2833><1693.053><-88~395~576~376~456~-24~-317~191~0.5434783~1~1~BoneType~0~0.3478261~0~0.3478261~0~0.3478261~0~0.3478261, CustomDecal><485.1463><1642.921><-141~408~496~602~414~-102~-739~223~0.6195652~1~0~PillMan~0~0.3369565~0~0.3369565~0~0.3369565~0~0.3369565, CustomDecal><357.7642><1258.449><-51~396~173~400~144~-12~-510~-154~0.2065217~1~0~Rust2~0~1~0~1~0~1~0~1, CustomDecal><169.93><1257.337><-28~403~154~364~165~-27~-364~-130~0.2173913~1~0~Rust2~0~1~0~1~0~1~0~1, CustomDecal><161.4409><1020.559><1~216~556~205~579~-247~-312~124~0.1086956~1~0~ThreeFaces~0~0.6413044~0~0.6413044~0~0.6413044~0~0.6413044, DangleFruit><183.643><1846.89><196~54~2~3, DangleFruit><214.3245><1810.654><88~6~2~3, CustomDecal><675.9411><1507.941><-23~272~187~275~116~-33~-885~350~0.2282609~1~0.75~Rust2~0~0.9456522~0~0.9456522~0~0.9456522~0~0.9456522, CustomDecal><18.19312><1490.942><-186~610~863~762~985~-17~77~397~0.5326087~1~1~Rust2~0~1~0~1~0~1~0~1, LanternOnStick><450.6945><1125.953><-16~-55, LanternOnStick><325.9543><505.6947><-19~-58, 
AmbientSounds: SPOT><SO_WAT-MoreDrips.ogg><740.9459><606.7902><0.423913><1><696.9459><414.983><-149.3553><-275.3553><0><0.5565219, SPOT><SO_IND-MechHum03.ogg><730.4449><339.9553><0.3804348><1><814.4449><2143.955><-83.35535><-124.3553><0><0.4478262, 
FadePalette: 32, 0.1521739, 0.4347826, 0.4891304
MorePalette0: 367, 0.9021739, 0.9021739, 0.9021739
MorePalette1: 10, 0.9021739, 0.9021739, 0.9021739
