Template: HI_SettingsTemplate_Inside
Clouds: 0.06521739
Grime: 0.3369565
BkgDroneVolume: 0.2469565
Palette: 5
EffectColorA: 10
EffectColorB: 21
Effects: LightBurn-0.5108697-20-20, 
PlacedObjects: DangleFruit><1007.197><1006.964><0~0~2~3, DangleFruit><976.8923><1063.332><0~0~2~3, DangleFruit><462.3691><304.4012><-536~206~2~3, DangleFruit><407.5799><329.1834><-492~288~2~3, DangleFruit><522.8356><328.386><348~-140~2~3, CustomDecal><52.0965><1176.122><71~157~627~304~788~-205~-149~65~0.3043478~0.3478261~0~Long Tag~0.01086957~1~0.01086957~1~0.01086957~1~0.01086957~1, CustomDecal><851.1984><1152.748><16~154~-623~231~-627~-12~-820~-101~0.2934783~1~0.1086956~FaceAndTag~0~0.6956522~0~0.173913~0~0.3586957~0~0.7608696, CustomDecal><137.9069><481.874><-17~301~187~304~201~-8~-240~-286~0~0.3586957~0~VerticalMess~0~0.2608696~0~0.2173913~0~0.7934783~0~0.9673913, CustomDecal><347.0694><186.6876><-4~205~532~210~530~-10~112~-200~0.3043478~0.423913~0~GreenRounded(hue inv)~0.04347826~0.1956522~0.04347826~0.2065217~0.04347826~0~0.04347826~0.6086956, CustomDecal><254.6265><1166.405><-30~164~484~149~453~-20~-323.9981~-77~0.326087~0.3586957~0~SquareBird~0.04347809~0.1304348~0.04347809~0.1304348~0.04347809~0.1304348~0.04347809~0.1304348, CustomDecal><817.812><2165.432><17~-282~263~-329~321~242~-739~-484~0~1~0~RustB3~0~0.8695652~0~0.8695652~0~0.8695652~0~0.8695652, CustomDecal><922.7974><1959.556><-5~143~88~150~88~19~-397~-503~0~1~0~UglyTag~0.5~0.2391304~0.5~0.2391304~1~0.2391304~0.4347826~0.2391304, InsectGroup><994.6821><1982.083><0~100~0~0~Ant~0.2282609, CustomDecal><519.2559><2041.8><-9~423~244~384~246~-109~-711~-12~0.3149759~1~0~RustB3~0~0~0~1~0~1~0~1, CustomDecal><556.6378><372.6656><0~182.338~183.9305~182.338~183.9305~0~-318~95~0.326087~0.3478261~0~UNQ - BaldFelix~0.0326087~0~0.0326087~0~0.0326087~0.3043478~0.0326087~0.2934783, CustomDecal><506.4818><381.0508><4~124.2587~305.2386~111.2587~287.2386~-17~-344~-220~0.326087~1~0~WhiteBigTag~0.05434782~0~0.05434782~0.3913043~0.05434782~0.5217391~0.05434782~0.8695652, CustomDecal><505.8034><2044.464><0~109~-413~75~-418~-8~-512.9994~-339~0.326087~0.7826074~0~SleepingDragon~0.08695652~0~0.08695652~0.7608696~0.08695652~0.7717391~0.08695652~0, LightSource><420.0545><2053.708><0.08695719~Environment~454~-4~50~86.60254~1~0~None~0~0, LightSource><462.6414><1272.141><0.05434716~Environment~-310~-2~50~86.60254~1~0~None~0~0, LightSource><649.8032><452.535><0.05434782~Environment~-454.9999~-86~50~86.60254~1~0~None~0~0, LanternOnStick><993.0933><2043.126><18~-82, LightSource><467.2532><314.2><0.2065211~EffectColor1~116~3~50~86.60254~1~0~None~0~0, LightSource><301.4135><794.1347><0.05434716~EffectColor1~78.99997~1~-169~-241.3975~1~1~None~0~0, LightSource><320.1993><789.9823><0.2717398~EffectColor1~183~1~50~86.60254~1~0~None~0~0, LanternOnStick><840.1819><603.0831><20~-58, LanternOnStick><739.9211><1082.066><23.00012~-131, LanternOnStick><300.9214><587.3533><-11.99997~-38, LightSource><685.6737><361.5989><0.1521739~EffectColor1~0~100~-339~79.60254~1~0~None~0~0, 
AmbientSounds: SPOT><SO_IND-Fridge.ogg><475.9007><255.3815><0.173913><1><95.88885><368.071><-90.35535><-46.35535><0><0.3934784, SPOT><AM_IND-50hz.ogg><844.307><119.3024><0.2391304><1><471.3069><308.3025><-35.35534><-35.35534><0><0.328261, SPOT><AM_IND-Utility02.ogg><794.7371><459.8004><0.4456522><1><857.7302><2287.793><-80.35535><-20.35535><0><0.4695654, SPOT><AM_IND-Utility02.ogg><17.04999><435.75><0.4565217><0.8630434><-4.949966><1929.724><-35.35534><-35.35534><0><0.2956522, SPOT><Basic Mech.ogg><507.8038><475.4614><0.2173913><1><222.8037><2226.462><55.64465><-60.35535><0><0.2847827, SPOT><AM_IND-ElectricHum01.ogg><198.0736><505.1557><0.173913><1><301.0886><798.3081><-38.35535><-47.35535><0><0.252174, 
FadePalette: 32, 0.1630435, 0.1521739, 0.1304348
MorePalette0: 367, 0.9021739, 0.9021739, 0.9021739
MorePalette1: 10, 0.8586956, 0.8586956, 0.8586956
