Grime: 0.3586957
Palette: 5
EffectColorA: 10
EffectColorB: 21
Effects: Flies-0.1630435-20-20, RockFlea-0.1413043-30-30, 
PlacedObjects: InsectGroup><346.0715><259.0902><-12~112~-114~69~Beetle~0.3043478, DangleFruit><588.4274><169.3423><21~143~2~3, DangleFruit><630.352><150.172><6~146~2~3, FlyLure><1033.525><112.1984><-140.9998~-29~4~9, SeedCob><617.8028><543.5571><0~0~7~10, DeadSeedCob><587.8679><497.8385><, CustomDecal><1251.671><232.3967><-35~78~161~112~169~17~-339~49~0.3152174~1~0~junkgraffiti4~0.04347826~0.1847826~0.04347826~0.1847826~0.04347826~0.1847826~0.04347826~0.1847826, CustomDecal><1375.871><325.9092><-70~386~205~400~154~-1~-462~12~0.6413044~1~0~rust2~0.07608695~1~0.07608695~1~0.07608695~1~0.07608695~1, CustomDecal><1136.647><311.114><-64~383~217~397~154~-47~-226~-56~0.6413044~1~0~rust3~0.07608695~1~0.07608695~1~0.07608695~1~0.07608695~1, CustomDecal><501.9496><53.73639><33~229~186~186~170~-68~40~-293~0.3043478~1~0.1086956~verticalmess~0.05441019~0.04347826~0.05441019~0.04347826~0.05441019~0.08695652~0.05441019~0.05434782, CustomDecal><332.5397><113.554><25~57~91~-47~32~-88~-298~-77~0.3152174~1~0.1086956~whitetag3q~0.05434782~0.1413043~0.05434782~0.1413043~0.05434782~0.1413043~0.05434782~0.1413043, CustomDecal><1616.039><388.1961><-36~132~286~145~199~-1~-704~-87~0.326087~1~0.05434782~bluewhitejunk~0.04347826~0.2608696~0.04347826~0.2608696~0.04347826~0.2608696~0.04347826~0.2608696, CustomDecal><1057.333><127.3898><-54~109~295~158~282~18~-144~192~0.3152174~1~0.06521739~pinkbubbly~0.0326087~0.1086956~0.0326087~0.1086956~0.0326087~0.1086956~0.0326087~0.1086956, CustomDecal><530.1541><496.2834><-19~159~103~204~92~45~-394~-153.1104~0.6635059~1~0.173913~whitetag3~0.06521739~0.2065217~0.06521739~0.2065217~0.06521739~0.2065217~0.06521739~0.2065217, LightSource><1595.943><651.7396><0.07608695~EffectColor1~315~31~-147~-148.3975~1~1~None~0~0, LightSource><651.5508><681.2036><0.09756602~EffectColor1~498~-3~-141~-251.3975~1~1~None~0~0, 
AmbientSounds: SPOT><AM_IND-Utility02.ogg><755.8774><550.1542><0.5543478><0.823913><688.8774><284.1542><-146.3553><-87.35535><0><0.1326088, 
FadePalette: 15, 0.2173913, 0.2391304
MorePalette0: 367, 0.9021739, 0.9021739
MorePalette1: 10, 0.7065217, 0.7065217
