Clouds: 0.1847826
Grime: 0.3586957
Palette: 5
EffectColorB: 21
Effects: Fog-0.08695652-20-20, Flies-0.1413043-45-86, TinyDragonFly-0.06521739-70-154, Beetle-0.1086956-71-131, RockFlea-0.1086956-72-112, ReplaceEffectColorB-0-360-124-Color-0.173913-0-0.07608695, 
PlacedObjects: InsectGroup><549.1996><1409.762><-101~164~0~0~Beetle~0.5, DeadSeedCob><120.9557><1345.695><, DeadSeedCob><783.418><1352.609><, SeedCob><161.1966><1386.287><15~49~8~12, CustomDecal><281.8528><991.6147><-167~764~469~765~264~0~-436~261~0.6521739~1~0~rust2~0.2173913~1~0.2173913~1~0.2173913~1~0.2173913~1, CustomDecal><359.3043><988.7917><2~68~184~37~153~-41~-516~219~0.3152174~1~0~whitetag4~0.1304348~0.1956522~0.1304348~0.1956522~0.1304348~0.1956522~0.1304348~0.1956522, CustomDecal><609.1884><1183.941><-78~100~153~176~199~5~-766~48.99969~0.2934783~0.4347826~0~ghostsplash~0.02173913~0.2173913~0.02173913~0.2173913~0.02173913~0.2173913~0.02173913~0.2173913, InsectGroup><982.432><771.688><-89~124~0~0~StandardFly~0.3369565, CustomDecal><759.8479><424.6299><-2~246~562~208~513~-83~-342~-16~0.6630435~1~0.2065217~crudegrey~0.05434782~0.326087~0.05434782~0.326087~0.05434782~0.326087~0.05434782~0.326087, CustomDecal><979.9829><585.4493><-38~89~116~152~160~29~-1135~689~0.6630435~1~0~whitetag5~0.2173913~0.1847826~0.2173913~0.1847826~0.2173913~0.1847826~0.2173913~0.1847826, CustomDecal><769.0509><110.4806><-62~469~805~242~585~-29~-715~128~0.6413044~1~0~hugeorange~0.1521739~0.3043478~0.1521739~0.3043478~0.1521739~0.3043478~0.1521739~0.3043478, LanternOnStick><570.1106><1055.333><28~-64, LanternOnStick><387.1567><1345.376><-9~-98, LanternOnStick><408.8103><1298.563><-17~-64, LanternOnStick><843.9478><1268.72><-27~-58, Lantern><407.8052><986.705><0~0~4~9, 
FadePalette: 15, 0.3369565, 0.3152174
MorePalette0: 367, 0.9021739, 0.9021739
MorePalette1: 10, 0.6086956, 0.6086956
