Template: HI_SettingsTemplate_Inside
Clouds: 0.25
Grime: 0.3043478
Palette: 5
EffectColorB: 21
Effects: Flies-0.1847826-20-20, RockFlea-0.1521739-30-30, 
PlacedObjects: WaterNut><688.3264><360.4007><-15~191~2~3, WaterNut><719.6772><386.4073><-37~98~2~3, Hazer><724.0541><143.7906><0~0~7~10, InsectGroup><620.3089><458.0591><-105~140~0~0~Beetle~0.2391306, CustomDecal><126.8747><112.6559><-9~127~63~105~55~-6~-261~210~0.3043478~1~0.08686066~whitetag11(vertical)~0.1304348~0.173913~0.1304348~0.2282609~0.1304348~0.1956522~0.1304348~0.3478261, CustomDecal><237.1723><135.0657><-52~82~218~109~298~5~-370~211~0.6195654~1~0~bluesmoker~0.1847826~0.3809768~0.1847826~0.3809768~0.1847826~0.3809768~0.1847826~0.3809768, CustomDecal><450.8154><10.32709><-67~722~451~723~349~-4~-586~288~0~1~0~rust3~0~0.4130435~0~0.5869565~0~0.7717391~0~1, LanternOnStick><698.9127><428.3201><24~-95, 
FadePalette: 20, 0.25
MorePalette0: 10, 1
MorePalette1: 367, 0.04347826
