Clouds: 0.2282609
Grime: 0.3586957
Palette: 5
EffectColorA: 10
EffectColorB: 21
Effects: Fog-0.01086957-20-20, Flies-0.1847826-35-46, RockFlea-0.1195652-58-87, Beetle-0.2391304-58-105, 
PlacedObjects: DeadSeedCob><97.86987><1092.203><, DeadSeedCob><166.8883><1063.662><, NeedleEgg><284.8895><459.8334><-87~380~4~9, NeedleEgg><344.8509><520.1333><-144~241~4~9, CustomDecal><507.3107><1168.361><-5~257~208~254~197~1~-688~248~0.5~1~0~owlman~0.07608695~0.1521739~0.07608695~0.1521739~0.07608695~0.1521739~0.07608695~0.1521739, CustomDecal><524.8091><458.3098><-19~143~164~228~191~112~-680~145~0.4673913~1~0~greybubbly~0.08695652~0.3586957~0.08695652~0.3586957~0.08695652~0.5652174~0.08695652~0.3586957, CustomDecal><511.542><726.8046><46~181~201~101~131~-62~-666~-98~0.4891304~1~0~pointyarrows(var)~0.07608695~0.25~0.07608695~0.25~0.07608695~0.25~0.07608695~0.25, CustomDecal><397.3484><286.1305><-37~185~149~213~97~-2~69~-292~0.326087~1~0~rust2~0.3043478~1~0.3043478~1~0.1304348~1~0.1413043~1, CustomDecal><536.7479><893.4525><-29~99~95~195~208~119~-692~-242~0.4673913~1~0~whitebubblys~0.07608695~0.1956522~0.07608695~0.1956522~0.07608695~0.1956522~0.07608695~0.1956522, CustomDecal><252.9453><1967.207><-20~183~562~92~499~-111~-437~162~0.5108696~1~0.08695652~greenwhite(var)~0.0326087~0.4130435~0.0326087~0.4130435~0.0326087~0.4130435~0.0326087~0.4130435, CustomDecal><403.1715><2064.184><-48~352~127~344~72~1~-588~41~0.4891304~1~0~rustb3~0.173913~0.8913044~0.173913~0.8913044~0.173913~0.8913044~0.173913~0.8913044, CustomDecal><548.0876><2064.18><-57~359~132~356~77~-1~-731.9998~19.99829~0.4673913~1~0~rustb2~0.3804281~0.8586956~0.3804281~0.8586956~0.3804281~0.8586956~0.3804281~0.8586956, CustomDecal><279.3934><2273.419><23~84~160~15~114~-44~-465~-121~0.6521739~1~0~whitetag6~0.0326087~0.4456522~0.0326087~0.4456522~0.0326087~0.4456522~0.0326087~0.4456522, CustomDecal><440.3031><2716.715><-63~760~391~760~267~0~-358~27~0.6630435~1~0~rustb1~0.3913043~1~0.3804348~1~0.2391304~1~0.2282609~1, CustomDecal><-65.19626><2075.289><-47~111~313~186~351~41~-121~101~0.6086956~1~0~whitebigtag~0.04347826~0.1086956~0.04347826~0.1086956~0.04347826~0.1086956~0.04347826~0.1086956, CustomDecal><564.0746><1537.096><-44~331~137~320~106~-7~-745~-148~0.6086956~1~0~actual vertical pink~0.08695652~0.1847826~0.08695652~0.1847826~0.08695652~0.1847826~0.08695652~0.1847826, LanternOnStick><679.3085><2845.809><21~-96, LanternOnStick><655.2084><2280.804><31~-65, LanternOnStick><414.1452><2310.17><-3~-98, LanternOnStick><775.282><2001.69><12~-78, LanternOnStick><532.6061><553.243><7~-107, LanternOnStick><579.6818><525.8615><-19~-86, LanternOnStick><611.1133><806.8542><18~-65, LightSource><765.3017><1802.526><0.05434782~EffectColor1~150~38~50~86.60254~1~1~None~0~0, LightSource><815.3429><1628.624><0.04347826~EffectColor1~139~103~49~-109.3975~1~1~None~0~0, LightSource><811.5978><1544.674><0.04347826~EffectColor1~156~61~50~86.60254~1~1~None~0~0, 
FadePalette: 15, 0.3043478, 0.2826087, 0.2608696, 0.2282609
MorePalette0: 367, 0.9021739, 0.9021739, 0.9021739, 0.9021739
MorePalette1: 10, 0.6086956, 0.6086956, 0.6739131, 0.7282609
