EffectColorA: 9
EffectColorB: 21
PlacedObjects: LightSource><371.3005><377.0144><0.4021733~Environment~-3~73~50~86.60254~1~0~None~0~0, 
MorePalette0: 10, 1
