Template: bsur_settingstemplate_night
Clouds: 0.01086957
Grime: 0.2608696
BkgDroneVolume: 0.2769565
EffectColorB: 21
Effects: Sentient Rot Infection-0.3586957-289-173, 
PlacedObjects: Corruption><479.5963><1036.378><84~128, Corruption><620.2984><1291.444><-1~111, Corruption><332.5674><1360.668><0~118, Corruption><100.0664><531.1887><0~100, Corruption><873.119><447.9108><0~100, Corruption><867.3391><689.1188><0~100, 
FadePalette: 8, 0.3586957, 0.3586957
MorePalette0: 373, 1, 1
