BkgDroneVolume: 0.2769565
PlacedObjects: CustomDecal><359.2912><249.8043><-4~70~51~70~47~0~-648.0688~-109~0.3246546~1~0~Ghostling2~0.3491151~0.3586957~0.1969886~0~0.196989~0.7826087~0.2078108~0, Corruption><171.5671><378.6914><65~117, Corruption><153.2872><568.4297><0~100, PassiveCorruption><468.1117><22.44955><31~314~0~0~7~15~0.8~0.3~0.55~0.05~0.15~0.2~0.2~Default~Dot~Passive~2~0~1~0~1~0~1~0~1~0~1~0~1~0~1, PassiveCorruption><871.9002><36.05161><-17~167~0~0~7~15~0.8~0.3~0.55~0.05~0.15~0.2~0.2~Default~Dot~Passive~2~0~1~0~1~0~1~0~1~0~1~0~1~0~1, RottenSeedCob><746.2667><653.8527><0~0~2~3, ReliableSpear><300.2988><538.0991><, KarmaFlowerPatch><606.074><39.02037><-72~205~0.355536~0~0~0.25~0.5, PrinceFilter><580.1756><46.7348><4~59~0~0~3~1~1, 
FadePalette: 10, 0.1304348
