BkgDroneVolume: 0.2769565
PlacedObjects: CustomDecal><570.6237><408.6551><-49~89~234~173~286~8~-461~-347~0.4891304~1~0~junkGraffiti2~0~0.5543478~0.1668512~0.5543478~0.2834682~0.5543478~0.5346617~0.5543478, CustomDecal><765.3438><413.5733><-2~165~113~164~114~-1~58.20496~-362~0.6521739~1~0.4891304~WhiteEye~0.382774~0.2717391~0.4913741~0.1847826~0.07704229~0.3586957~0.4697306~0.173913, CustomDecal><118.5132><396.0504><-147~217~531~306~454~-11~-226~-251~0.6413044~1~0~blackrust1~0.5760869~1~0.6086956~1~0~1~0.4565217~1, PassiveCorruption><848.8785><435.8866><-201~211~0~0~7~15~0.8~0.3~0.55~0.05~0.15~0.2~0.2~Default~Dot~Passive~2~0~1, KarmaFlowerPatch><737.9455><418.8382><2~142~0.443574~0~0~0.25~0.5, 
FadePalette: 10, 0.2391304
