BkgDroneVolume: 0.2769565
PlacedObjects: CustomDecal><619.7399><504.5503><90~-488~-348~-492~-310~-16~-731.7277~-184~0.3152174~1~0~GhostSplash~0~0.2391304~0~0.2391304~0.2412312~0.2391304~0.3497837~0.2391304, CustomDecal><563.5825><396.1822><17~443~181~449~163~-36~228.6295~-587~0~1~0~blackrust1~0.5~0.7934783~0.5~0.7934783~0.2934783~0.7934783~0~0.7934783, CustomDecal><251.1747><384.5974><-7~450~172~560~182~2~-246.1259~-677~0.6413044~1~0~blackrust1~0.5~0.6739131~0.4130435~0.6739131~0~0.6739131~0.5~0.6739131, Corruption><499.5804><51.69498><-1~157, Corruption><334.3169><319.3087><2~107, RottenSeedCob><561.7626><296.6451><242~87~2~3, KarmaFlowerPatch><505.2756><174.6184><-1~156~0.6217077~0~0~0.5~0.5, PrinceFilter><517.733><175.3317><-10~61~0~0~3~1~1, 
FadePalette: 10, 0.0326087
