Template: NONE
Palette: 31
EffectColorA: 19
EffectColorB: 20
Effects: SilenceWater-1-20-20, CorruptionSpores-1-19-83, ZeroGSpecks-1-296-26, 
PlacedObjects: CorruptionDarkness><1260.259><565.4498><-56~-135, CorruptionDarkness><1008.921><417.8543><0~100, CorruptionDarkness><731.1946><596.0464><33~-91, StuckDaddy><1110.55><444.2515><-122~93, CorruptionTube><808.7153><405.447><-320~164, CorruptionTube><1121.381><379.4012><-202~260, CorruptionTube><2760.27><491.449><-375~89, Corruption><2457.515><684.0506><32~-181, Corruption><2343.383><546.5876><24~-55, Corruption><2649.748><588.45><-24~-85, Corruption><2778.31><534.6869><-71~-44, Corruption><1533.604><636.3633><39~-103, Corruption><1678.862><649.0846><-26~-97, Corruption><1818.05><620.0094><4~-105, Corruption><1237.441><564.0603><29~-136, Corruption><1073.432><552.9183><93~-166, Corruption><887.158><504.1273><25~127, Corruption><737.8688><573.3391><15~-90, Corruption><520.1608><583.429><21~-86, Corruption><625.6365><595.1039><22~-65, Corruption><759.4482><429.7234><-54~-9, LightSource><2446.236><578.9495><1~EffectColor2~61~-155~-324~-164.3975~0~0~None~0~0, LightSource><2669.195><582.9541><1~EffectColor2~-63~-196~168~-233.3975~0~0~None~0~0, LightSource><1555.578><566.8157><1~EffectColor2~33~-131~-254~-155.3975~0~0~None~0~0, LightSource><1683.13><616.8481><1~EffectColor2~9~-103~-84~-274.3975~0~0~None~0~0, LightSource><1783.103><599.1351><1~EffectColor2~-43~-160~19~-115.3975~0~0~None~0~0, LightSource><1235.713><543.6966><1~EffectColor2~192~15~30~-146.3975~0~0~None~0~0, LightSource><1038.665><422.6129><1~EffectColor2~-28~146~-2~-376.3975~0~0~None~0~0, LightSource><996.6759><614.0642><1~EffectColor2~64~-189~82~-375.3975~0~0~None~0~0, Corruption><892.4153><602.6125><21~-113, LightSource><544.8004><570.488><1~EffectColor2~-118~-117~-427~-168.3975~0~0~None~0~0, LightSource><747.4333><593.42><1~EffectColor2~-82~-160~-161~-133.3975~0~0~None~0~0, LightSource><813.7849><413.9469><1~EffectColor2~-165~19~-162~-137.3975~0~0~None~0~0, 
FadePalette: 10, 1, 1, 1
MorePalette0: 33, 0.8478261, 0.8478261, 0.8695652
MorePalette1: 10, 0.3043478, 0.3043478, 0.326087
