BkgDroneVolume: 0.3015966
EffectColorA: 18
EffectColorB: 18
PlacedObjects: LightFixture><772.0867><1366.662><RedLight~17.32051~-10~95, LightFixture><1194.372><1204.645><RedLight~17.32051~-10~33, LightFixture><2115.323><1272.078><RedLight~17.32051~-10~84, LightFixture><1148.111><178.8873><RedLight~17.32051~-10~6, LightFixture><308.7315><579.9979><RedLight~17.32051~-10~27, LightSource><135.0368><290.59><0.1532102~EffectColor1~499.4438~284.0899~50~86.60254~1~0~None~0~0, LightSource><2307.831><412.0821><0.1532102~EffectColor1~499.4438~284.0899~50~86.60254~1~0~None~0~0, LightSource><1895.162><1587.214><0.1532102~EffectColor1~499.4438~284.0899~50~86.60254~1~0~None~0~0, LightSource><1177.478><1582.945><0.1532102~EffectColor1~499.4438~284.0899~50~86.60254~1~0~None~0~0, LightSource><309.9><951.368><0.1532102~EffectColor1~499.4438~284.0899~50~86.60254~1~0~None~0~0, LightSource><3.083611><1369.172><0.1532102~EffectColor1~272.6664~37.03601~50~86.60254~1~0~None~0~0, LightFixture><1116.819><686.8599><RedLight~17.32051~-10~87, 
MorePalette0: 371, 0.7075918, 0.7075918, 0.7075918, 0.7042037
MorePalette1: 10, 0.6553928, 0.6553928, 0.6553928, 0.6553928
