RainIntensity: 0.1521739
RumbleIntensity: 0.1521739
Effects: DayNight-0.1630435-20-78, FireFlies-0.2826087-21-134, 
PlacedObjects: DayNightSettings><466.6114><476.8508><5~8.660254~16~8, 
FadePalette: 33, 0.6413044
