RainIntensity: 0.7065217
RumbleIntensity: 0.7065217
EffectColorA: 2
Effects: ElectricDeath-0.0326087-46-85, FireFlies-0.2826087-336-107, 
PlacedObjects: 
FadePalette: 33, 0.6956522
