RainIntensity: 0.7065217
RumbleIntensity: 0.7065217
EffectColorA: 2
EffectColorB: 21
Effects: ElectricDeath-0.0326087-46-85, FireFlies-0.2826087-336-107, 
PlacedObjects: LightSource><331.6616><266.6504><0.4084068~EffectColor1~52.29218~202.9333~50~86.60254~0~0~None~0~0, LightSource><329.8733><267.262><0.03721088~EffectColor1~7.470337~161.3382~55.33594~204.4692~0~1~None~0~0, 
FadePalette: 33, 0.6956522
MorePalette0: 10, 0.9047891
