Template: cc_settingstemplate_inside
Clouds: 0.3586957
Grime: 0.3586957
EffectColorB: 16
Effects: Fog-0.2282609-30-73, 
PlacedObjects: Corruption><720.0859><197.8857><-7~152, Corruption><702.155><636.3764><86~103, Corruption><496.9697><1047.324><1~247, 
FadePalette: 8, 0.3586957, 0.3804348, 0.5, 0.5978261
RoomSpecificScriptActive: ON
MorePalette0: 367, 0.8913044, 0.9130435, 0.9130435, 0.9239131
MorePalette1: 10, 0.4021739, 0.4456522, 0.4673913, 0.5108696
