RainIntensity: 0.7065217
RumbleIntensity: 0.7065217
Effects: FireFlies-0.2608696-287-74, ReplaceEffectColorB-0-688-337-Color-0.2391304-0-0.1304348, 
PlacedObjects: CustomDecal><1568.942><591.4432><-11~124~143~119~133~-9~-411~-188~0.3152174~0.3913043~0~SquintCat~0.1304348~0~0.1304348~0~0.1304348~0.4891304~0.1304348~0.4130435, NoSpearStickZone><96.92139><1398.434><0~100, NoSpearStickZone><3095.241><1552.05><0~100, BlueToken><2279.327><658.8511><-14~-61~0~0~1~DropBug~Yellow|Rivulet|Saint~0~0~0~0~0~0~0~0~0~0~0~0~0~0~0~0~0~0~0~0~0~0~0~0~0~0~0~0~0~0~0~0, ReliableSpear><2363.908><548.8785><, 
AmbientSounds: SPOT><AM_ENV-NatWind.ogg><149.9555><478.055><0.2065217><1><389.9555><872.0551><-79.35535><-103.3553><0><0.2521739, SPOT><AM_ENV-NatWind.ogg><77.19476><345.4546><0.2717391><1><2513.195><249.4546><-223.3553><-96.35535><0><0.1869565, 
FadePalette: 33, 0.7934783, 0.8043478, 0.8043478, 0.8804348, 0.8804348, 0.8804348
MorePalette0: 12, 0.1010105, 0.1565983, 0.1565976, 0.1565976, 0.150798, 0.1043986
MorePalette1: 367, 0.8043478, 0.8043478, 0.8043478, 0.8043478, 0.8043478, 0.8043478
MorePalette2: 10, 0, 0, 0, 0.3043478, 0.3043478, 0.3043478
