EffectColorA: 19
PlacedObjects: ShelterBhvrManager><-142.8933><151.6395><-46~-307~True~False~4~False~3~6~20~40~60~120~120~120~False, ShelterBhvrPlacedDoor><926.1127><350.6653><0^1, ShelterBhvrTriggerZone><1.975037><126.0516><368~162, ShelterBhvrTriggerZone><27.58115><310.8172><337~272, ShelterBhvrTriggerZone><245.6096><10.8924><459~102, LanternOnStick><258.3119><468.1821><38~-121, LanternOnStick><292.6337><446.3987><-11~-98, LanternOnStick><132.2571><225.3001><-25~-78, LanternOnStick><519.9653><76.05304><-17~-46, Lantern><646.8893><70.14349><0~0~4~9, LightSource><389.3559><141.3303><0.1086956~EffectColor1~-12~455~50~86.60254~1~0~Fade~0.2065217~0, 
FadePalette: 0, 0.02173913
