Template: NONE
Clouds: 1
BkgDroneNoThreatVolume: 0
RandomItemDensity: 1
Palette: 10
PlacedObjects: DangleFruit><276.4836><446.814><0~0~2~3, DangleFruit><310.4431><411.8418><0~0~2~3, DangleFruit><694.7592><363.1135><0~0~2~3, DangleFruit><755.0317><401.1641><0~0~2~3, DangleFruit><813.8239><320.194><0~0~2~3, DangleFruit><872.5942><351.0106><0~0~2~3, FlareBomb><556.6579><290.2635><0~0~2~3, FlareBomb><431.5025><387.2851><0~0~2~3, ResizeablePopupTrigger><934.2123><269.9171><-331.1437~-214.5333~Hold the pick-up button to transmorgify rocks into flashbangs%2at the cost of food.~0~6~1~1~True~True~1~-100^40, ResizeablePopupTrigger><326.306><322.1297><-385.2146~-180.4~With the same input; you can also store flashbangs around your neck.~7.826087~11.01889~1~1~True~True~1~-372.5^130.5111, InsectGroup><290.3728><434.8456><0~131~-115~137~FireFly~0.25, InsectGroup><751.8005><380.4858><0~123~-314~188~FireFly~0.2608696, 
AmbientSounds: OMNI><AM_WIN-SubWnd.ogg><743.8797><492.8477><0.2282609><0.5695652, OMNI><SO_NAT-LilDrips.ogg><741.3858><252.0858><0.2717391><1, OMNI><waterGurgleLOOP1.wav><735.4689><366.8024><0.1521739><0.5695652, SPOT><AM_ENV-SubTerr.ogg><746.1727><442.101><0.3043478><0.3543478><105.1727><368.101><-33.35535><-110.3553><0><1, 
FadePalette: 9, 0.06959915
