BkgDroneNoThreatVolume: 0
EffectColorB: 19
PlacedObjects: LanternOnStick><662.3011><293.4786><19~-65, LanternOnStick><126.4706><516.6978><13~-45, LightSource><152.2128><512.3035><0.0326087~EffectColor2~468.9999~19~-326~-142.3975~1~0~None~0~0, InsectGroup><665.6849><274.5762><0~100~185.9999~2~FireFly~0.5, DataPearl><86.34521><486.3766><751~-1~0~0~Misc~0, DataPearl><105.6552><484.5739><733.0001~-70~0~0~Misc~0, DataPearl><125.2962><484.5554><719.9999~-37~0~0~Misc~0, DataPearl><155.093><511.1261><699~-175~0~0~Misc~0, DataPearl><381.6194><494.0895><457~5~0~0~Misc~0, DataPearl><406.1036><487.6363><435~-19~0~0~Misc~0, DataPearl><445.8678><485.9><403~-55~0~0~Misc~0, DataPearl><477.9274><507.8424><334~-109~0~0~Misc~0, DataPearl><673.6682><246.3917><133~131~0~0~Misc~0, DataPearl><655.5405><247.6959><154~118~0~0~Misc~0, DataPearl><638.3346><248.6124><175~102~0~0~Misc~0, CustomDecal><11.54657><184.5555><2~300~276~289~290~-4~-166~148~0~1~0~lc_scavmarks5~0.2826087~0.1304348~0.09782609~0.1304348~0.07608695~0.1304348~0~0.1304348, CustomDecal><189.1199><535.652><1~71~66~75~72~0~35~-549~0~1~0~scavmark~0.2826087~0.2934783~0.2065217~0.2934783~0.06521739~0.2934783~0.05434782~0.2934783, CustomDecal><210.0999><127.6733><24~395~486~362~487~-22~-400~-183~0~1~0~lc_scavmarks4~0~0~0.08695652~0~0.08695652~0~0~0, 
FadePalette: 9, 0.02173913
