Clouds: 0.7173913
EffectColorA: 2
EffectColorB: 18
Effects: LightBurn-1-20-20, BkgOnlyLightning-0.4565217-246-89, 
PlacedObjects: LightSource><1337.401><2433.881><0.04347826~Environment~115~-316~50~86.60254~1~1~None~0~0, LightSource><-148.4205><2374.896><0.01086957~White~1126~-1401~74~-273.3975~1~1~None~0~0, LightSource><572.7><1510><0.0543472~Environment~40~-416~85~-63.39746~1~1~None~0~0, LightSource><713.1928><999.4377><0.2065217~Environment~-2~-145~50~86.60254~1~0~None~0~0, FlareBomb><244.0647><353.3109><-255~128~2~3, FlareBomb><463.4494><756.2651><0~0~2~3, FlareBomb><295.1829><359.0616><0~0~2~3, LightSource><-123.1141><2384.853><0.04347826~White~590~-267~186~-174.3975~1~1~None~0~0, LightSource><117.421><300.0663><0.4130435~EffectColor2~109~150~133~188.6025~1~0~None~0~0, LightSource><81.84387><2272.625><1~White~562~-587~-115~-319.3975~1~0~None~0~0, LightSource><551.1527><1940.629><0.5~Environment~0~100~50~86.60254~1~0~None~0~0, LightSource><492.7186><2220.698><0.5~Environment~0~100~50~86.60254~1~0~None~0~0, LightSource><457.3834><1866.351><0.5~Environment~0~100~50~86.60254~1~0~None~0~0, LightSource><488.7351><2072.551><0.5~Environment~0~100~50~86.60254~1~0~None~0~0, LightSource><1338.673><2336.351><0.5108696~Environment~-2~101~50~86.60254~1~0~None~0~0, LightSource><562.3298><1523.067><0.5108696~Environment~-206~-24~-397~-129.3975~1~0~None~0~0, SeedCob><118.5181><884.8008><0~0~7~10, DeadSeedCob><181.6705><818.9335><, LightSource><51.33728><745.8838><0.09782609~Environment~-285~61~-39~-184.3975~1~0~None~0~0, 
AmbientSounds: OMNI><AM_RAIN-QuietThunder.ogg><736.8022><311.4701><0.3804348><1, OMNI><AM_WIN_Hilltop.ogg><715.4341><450.328><0.5217391><1, OMNI><AM_ENV-CityTone.ogg><734.9008><550.8815><0.3478261><1, 
FadePalette: 9, 0.1521739, 0.1195652, 0.1304348, 0.2065217
MorePalette0: 10, 0.8043478, 0.8043478, 0.8043478, 1
